沉静	0	0	0	2	0	2
娴熟	0	0	0	1	1	2
机智	0	0	1	2	6	9
励志	2	2	7	4	1	16
出来	19	10	7	13	7	56
看完后	3	2	0	7	2	14
槽点	5	3	0	1	0	9
就心疼	0	0	0	0	1	1
的也太	1	1	2	0	0	4
太热	0	1	0	0	0	1
不闷	0	0	0	1	0	1
多少遍	0	0	0	1	9	10
被套	0	0	0	1	0	1
挺恶搞	0	0	1	0	0	1
坚定	0	2	1	2	2	7
看到一半	3	1	2	0	0	6
异常致郁	0	0	0	0	1	1
能让	0	0	1	2	1	4
一个多小时	5	1	0	0	0	6
心碎	0	0	1	3	5	9
剧本	17	20	12	12	10	71
残酷的	0	0	2	3	5	10
不同的	0	0	2	8	1	11
美式	0	0	3	2	1	6
美！	0	0	3	1	2	6
是该	0	1	1	3	3	8
终究	2	0	1	3	5	11
聪明	1	2	1	2	5	11
现在的	0	2	2	9	10	23
的暴力	0	1	1	4	0	6
人生	2	0	4	22	16	44
成分	0	3	1	0	2	6
丰富	0	1	2	4	3	10
比较好	0	1	0	1	0	2
之类的	1	0	3	1	3	8
初中	0	0	0	3	3	6
单薄	0	4	7	2	0	13
给一星的	4	1	0	0	0	5
骄纵	0	0	1	0	0	1
宽	0	1	0	0	0	1
太烂	2	1	3	0	0	6
怎么会	4	4	2	0	0	10
惊喜	3	0	5	3	1	12
美好的	0	0	5	7	6	18
怎么办	1	1	1	2	1	6
就会	3	0	2	5	2	12
相爱的	0	1	3	2	1	7
品牌	0	0	4	1	2	7
很清楚	0	0	0	1	1	2
你是	4	3	7	2	4	20
十分钟	9	0	0	0	0	9
弱爆	1	0	0	0	0	1
还是蛮	0	1	2	5	1	9
真是年轻	0	0	1	0	0	1
莎士比亚	0	0	0	3	5	8
因为我	0	0	2	4	0	6
难以	0	1	1	3	3	8
还蛮高	0	0	0	0	1	1
赞	2	0	6	23	26	57
不知道这	4	0	1	0	0	5
的垃圾	5	1	0	0	0	6
非常不错	0	0	0	1	0	1
很痛苦	0	0	0	0	1	1
我还是	6	3	4	6	1	20
赶上疯狂	1	0	0	0	0	1
就厉害	0	0	0	0	1	1
大哥的	0	0	1	3	2	6
舒畅	1	0	0	0	0	1
不爱好	0	0	1	0	0	1
这个故事	0	1	2	5	3	11
纯爱	1	1	1	2	3	8
了开头	6	0	0	1	0	7
罗家英	4	3	0	0	0	7
轮回	0	0	2	7	4	13
觉得是	2	0	2	1	5	10
都给	2	2	3	0	0	7
就很笨	0	0	1	0	0	1
商业间谍	0	1	6	0	0	7
就连	1	0	0	0	0	1
很耐看	0	0	0	1	0	1
头发	2	0	4	2	0	8
试图	1	2	3	0	0	6
一点都	2	0	0	2	0	4
口味	0	3	2	3	1	9
那个时代	0	0	0	5	5	10
轻	0	0	1	0	1	2
星！	1	3	0	1	1	6
再恐怖	0	1	0	0	0	1
姐姐	1	2	2	1	0	6
都笑	4	1	0	0	1	6
不要吝啬	0	0	0	0	1	1
凄惨	0	0	1	0	1	2
锤弟	1	3	11	2	1	18
没干错	0	0	1	0	0	1
自己的	6	4	9	13	11	43
极了	0	2	0	1	3	6
成功	5	2	5	5	4	21
严肃	0	0	1	3	6	10
童话	1	1	22	50	29	103
些许不适	0	0	0	1	0	1
啊啊啊啊啊啊啊啊啊	0	0	0	0	4	4
不好惹	0	0	0	0	1	1
刷	3	0	1	0	3	7
总之	5	2	2	2	5	16
很严重	0	0	0	2	0	2
才厉害	0	1	0	0	0	1
太假	2	8	1	0	0	11
不能圆满	0	1	2	4	2	9
摄影	2	4	5	10	3	24
爱情的	1	0	1	5	3	10
明确	0	1	0	1	1	3
底线的	6	0	0	0	0	6
非常合适	0	0	0	1	0	1
烂片中的	8	1	0	0	0	9
不用	10	2	3	4	5	24
吸引人	1	3	2	3	0	9
一点点	0	3	6	5	1	15
平等	0	0	0	3	3	6
太冷酷	0	0	0	0	1	1
就手贱	1	0	0	0	0	1
……	66	51	73	52	39	281
鸡皮疙瘩	3	1	1	0	2	7
快进	7	2	1	2	0	12
布达佩斯	0	0	0	1	1	2
洁白不朽	0	0	0	0	1	1
充当	0	0	0	0	1	1
翻译	0	0	5	1	2	8
欣赏	1	2	5	4	1	13
较为无聊	0	0	0	1	0	1
喜欢了	0	0	0	3	6	9
无奈	1	3	5	5	7	21
生硬	2	6	2	0	0	10
生活的	0	1	1	5	4	11
详细	0	1	1	0	0	2
内涵	2	1	2	3	2	10
不错	8	12	66	61	20	167
广	0	1	0	0	0	1
贪吃	0	1	0	0	0	1
片	59	25	37	25	29	175
喜欢你	0	1	0	1	1	3
往往	0	0	3	2	1	6
目前	3	0	0	1	3	7
看下去	3	0	4	3	0	10
爆笑	0	0	0	1	6	7
耐活	0	0	0	0	1	1
刚刚好	0	0	0	0	2	2
寻常	0	0	1	0	0	1
更黑	1	0	0	0	0	1
看过最烂	7	1	0	0	0	8
郑裕玲	0	0	7	10	7	24
一开始就	0	2	2	2	1	7
的很多	2	1	1	2	0	6
过于	1	2	9	6	0	18
爱恋	0	1	1	3	2	7
淳朴	0	0	0	0	1	1
可笑	1	1	1	0	4	7
坎坷	0	0	0	0	1	1
真漂亮	0	1	3	3	0	7
也好	0	2	0	2	7	11
挺闷	1	0	0	0	0	1
到家	4	3	0	0	0	7
中年	0	0	0	4	2	6
无语真的	0	0	0	0	0	0
挺帅	0	1	2	2	0	5
什么玩意儿	7	1	0	0	1	9
小人物	0	0	2	2	4	8
也太弱	0	0	1	0	0	1
丈夫	0	0	1	0	6	7
足	0	0	0	1	2	3
基本上	0	1	4	2	0	7
最远	0	0	1	0	0	1
剧情有点	0	1	8	0	0	9
炫酷	0	0	0	0	3	3
熟悉的	0	1	0	3	2	6
据说	7	1	0	1	2	11
鬼	20	10	8	0	2	40
现实主义	0	0	2	2	2	6
太穷	0	1	0	0	0	1
烂了	8	1	0	0	0	9
孤单	1	0	0	0	1	2
修复	2	1	2	0	1	6
星给	10	9	15	1	0	35
女主的	2	2	3	1	2	10
帅的	0	1	4	5	0	10
很残忍	0	0	1	1	2	4
太厚重	0	0	1	0	0	1
亲情	2	1	2	2	2	9
快乐	2	0	0	2	6	10
以为	10	6	10	5	7	38
90	1	0	2	0	4	7
就不	5	5	1	3	7	21
的回忆啊	0	0	0	3	2	5
／／	3	1	3	1	4	12
正式	0	0	1	0	0	1
以上	3	4	0	1	1	9
钟欣桐	0	2	3	0	2	7
∠）	0	0	0	0	0	0
毁灭	0	0	1	3	5	9
略平庸	0	0	1	0	0	1
主要	2	1	5	5	1	14
打动	1	0	3	2	8	14
也太	3	3	9	5	2	22
也大	0	0	0	0	1	1
为何	6	0	2	2	3	13
年代的	0	0	3	4	4	11
当时觉得	0	0	3	1	2	6
的主题	0	0	3	3	0	6
难过	0	0	0	5	7	12
老	8	11	17	12	8	56
挺豪华	0	1	0	0	0	1
愚昧	1	0	1	0	2	4
坦然	0	0	0	0	2	2
很低沉	0	0	0	1	0	1
舒爽	0	0	0	0	1	1
片子了	3	1	2	0	1	7
太酷	0	0	0	1	0	1
我好	0	1	1	3	1	6
。。。	255	180	142	111	66	754
直乐	1	0	0	0	0	1
优雅	1	0	1	0	1	3
拖沓	4	2	10	3	0	19
爱情	4	7	16	48	32	107
一点也不	1	8	3	2	1	15
的最爱	0	0	1	0	6	7
比较强烈	0	0	0	1	0	1
真心不错	0	0	1	4	0	5
未来	1	0	2	3	2	8
想要	0	1	7	4	5	17
德国	0	0	1	2	5	8
总体	0	1	4	4	3	12
并不是	1	1	1	2	3	8
怎么了	2	0	5	1	1	9
自重	1	0	0	0	0	1
平稳	0	0	0	1	0	1
般般	0	0	2	0	0	2
重本	0	0	0	1	0	1
她的	1	0	3	4	4	12
第一次	8	1	2	3	8	22
饱和	1	0	0	0	1	2
改变	0	1	1	8	11	21
揭露	1	0	0	3	3	7
喜欢这	0	0	2	1	5	8
尊严	0	0	0	0	1	1
小时候看过	0	0	0	3	3	6
清晰	0	0	2	2	3	7
老板	5	3	5	2	0	15
还是有	3	1	3	3	2	12
喜欢这样	0	0	2	4	3	9
节奏	2	10	26	23	24	85
从头到尾	2	2	3	3	3	13
奥德曼和哈里森	1	4	2	0	0	7
还行	1	3	23	7	0	34
佳作	0	1	1	4	4	10
能让我	2	0	0	1	3	6
唉。。	1	3	1	0	0	5
完整的	1	0	2	1	0	4
戏中戏	0	1	0	0	8	9
险些差	0	0	1	0	0	1
坏	3	3	2	5	8	21
哎	5	4	6	8	7	30
兄弟	0	2	4	8	2	16
平常	1	0	0	1	1	3
孤苦	0	0	0	1	0	1
万岁	0	0	0	1	9	10
简单	3	4	10	9	7	33
女儿	2	2	1	2	3	10
更帅	0	0	1	0	0	1
拥抱	0	0	2	2	3	7
受不了	3	1	2	2	0	8
善良	2	2	2	3	4	13
不矫情	0	0	0	0	1	1
肆意残害	0	0	0	0	1	1
错误	0	1	4	3	2	10
加上	3	6	4	4	7	24
不同	2	1	2	4	5	14
模糊	0	0	1	2	1	4
很唯美	0	0	1	1	0	2
正常	4	1	5	1	2	13
看过的	11	2	5	7	11	36
浓重	0	0	0	0	2	2
缓和	0	0	0	0	1	1
两颗	0	0	1	0	0	1
不会	12	6	14	15	14	61
高捷	2	0	0	0	0	2
救赎	0	1	2	2	1	6
不知	2	0	5	3	2	12
突	0	0	0	1	0	1
虽然	10	6	37	43	26	122
了这个	8	0	1	7	0	16
演技派	0	3	1	1	1	6
强大	4	1	4	3	4	16
进度拖沓	0	0	1	0	0	1
极限	5	0	1	1	1	8
的颜	1	1	4	0	0	6
很悲惨	0	0	0	0	1	1
最烂只有更	6	0	0	0	0	6
中国人	2	2	1	5	2	12
够了	2	2	4	2	1	11
了自己	0	0	1	3	2	6
太狠	0	0	0	1	0	1
或不到	0	0	1	10	27	38
困惑	0	0	1	1	2	4
最傲	0	0	1	0	0	1
恶心	30	7	14	6	5	62
真傻	2	0	0	0	0	2
野蛮	0	0	0	2	1	3
科技	0	1	2	2	1	6
认识	3	0	1	3	4	11
爆	1	2	3	1	1	8
更差	2	0	1	0	0	3
一边黑	0	0	1	0	0	1
要好看	1	0	0	0	0	1
下限	13	0	0	0	0	13
一样	12	8	15	14	28	77
越来越严重	0	0	0	1	0	1
背后的	1	0	1	1	4	7
日本政府	0	0	0	1	5	6
看似	0	0	1	5	4	10
后悔	6	1	0	2	2	11
极致	4	1	1	1	4	11
有多烂	15	3	0	0	0	18
不动	0	0	1	0	0	1
那时候	1	1	1	8	7	18
多的	1	1	0	3	7	12
价值观	1	3	1	3	1	9
后期	1	1	4	1	0	7
重	0	1	6	9	6	22
最坏	2	0	0	1	1	4
是要	3	4	3	0	5	15
原来强	0	0	0	0	1	1
配音	3	3	4	10	14	34
才能	2	0	3	9	8	22
的影子	0	1	1	4	1	7
欢快	0	0	1	1	1	3
眼泪	0	0	3	4	7	14
真烂	1	1	0	0	0	2
拯救	1	3	6	3	3	16
很犀利	0	0	0	1	0	1
比现在的	0	0	1	2	1	4
很火	0	0	1	0	0	1
臭	4	0	0	0	0	4
单纯	1	1	4	0	3	9
很大	2	1	3	4	5	15
好演员	0	3	4	1	0	8
的配音	0	1	0	4	5	10
奔着	3	1	1	3	0	8
突然	8	3	7	7	7	32
蛮神奇	0	0	1	0	0	1
清新	0	2	1	2	3	8
智商的	6	1	0	0	1	8
就欢乐	0	1	0	0	0	1
主题	6	4	9	10	1	30
最烂只有	0	0	0	0	0	0
也弱	0	1	0	0	0	1
奇妙	0	1	1	3	9	14
瞎	5	3	1	0	3	12
笑	21	8	7	12	18	66
为什么我	2	0	3	3	1	9
竟然看完	0	0	0	0	0	0
负分	32	0	0	0	1	33
才痛快	0	0	0	1	0	1
经历	0	0	0	8	8	16
就是自私	0	0	0	0	1	1
没什么	7	6	14	7	5	39
～～	0	6	1	1	2	10
香港	2	4	3	4	5	18
太牛	0	0	0	1	4	5
动作片	1	2	2	3	4	12
巩俐	0	0	2	3	8	13
非常棒	0	0	0	1	2	3
好片	3	1	0	4	10	18
沉闷	0	1	6	2	1	10
显得	1	2	4	4	5	16
剧情	47	60	86	49	30	272
丰满	0	0	0	1	0	1
值得一看	5	2	1	3	2	13
纷纷快	1	0	0	0	0	1
和谐	1	1	1	3	1	7
憋屈	0	0	0	1	2	3
干活	1	0	0	0	0	1
幸运	0	0	0	2	1	3
突出	0	0	3	2	2	7
做到	1	2	4	3	4	14
演技	29	25	33	17	14	118
开心	2	3	3	3	6	17
这就是	4	4	4	5	10	27
完略	0	0	1	0	0	1
只能说还行	0	0	4	0	0	4
终于看完了	1	0	1	1	1	4
都好	0	0	1	2	2	5
不尊重	0	1	0	0	0	1
都那么	2	0	3	2	0	7
不在	2	2	2	2	5	13
非常平庸	0	0	1	0	0	1
看了一半	1	2	1	0	0	4
撒旦	0	0	1	3	2	6
不是很	0	2	6	5	0	13
都不腻	0	0	0	0	1	1
只想	0	0	0	0	2	2
好惨	0	0	0	2	0	2
！？	4	2	0	1	1	8
神片	6	0	0	0	3	9
的确	0	4	5	8	3	20
略	0	1	8	9	0	18
黑色幽默	1	1	1	2	10	15
狡黠	0	0	0	1	1	2
花瓶	2	1	4	0	0	7
不看	5	2	2	0	3	12
最长	0	0	0	1	0	1
很不同	0	0	0	1	0	1
第二部	0	0	5	1	2	8
可是我	1	0	0	4	1	6
连续	1	0	0	1	2	4
偷	3	1	3	1	0	8
地步	5	2	0	2	4	13
好	56	60	120	124	140	500
富足	0	0	0	2	0	2
哪儿	1	0	2	0	3	6
现实中	0	0	0	4	2	6
电影之一	0	0	1	4	6	11
死去	0	0	1	5	1	7
逗乐	0	0	2	1	0	3
珍贵	0	0	0	0	2	2
可以让	1	1	1	0	3	6
再恶	1	0	0	0	0	1
魅力	0	1	0	3	5	9
戳中笑点	0	0	0	0	0	0
反派	1	4	3	4	3	15
在一起	5	6	11	17	8	47
那么好	1	0	5	3	1	10
无大	0	1	2	0	0	3
但却	0	0	2	4	0	6
娇	1	0	5	0	0	6
帅哥	1	1	11	3	0	16
好感	1	0	2	0	4	7
_-|	0	2	2	0	0	4
恐怖！	5	0	1	0	0	6
2	13	10	16	5	7	51
功夫	3	0	3	0	3	9
拍成	0	2	3	1	0	6
冷	1	0	3	1	3	8
太灵	0	0	0	0	1	1
认真	0	2	2	1	3	8
民族	0	0	2	1	8	11
约混沌	0	0	0	0	1	1
件容易	0	0	0	0	1	1
挺搞笑的	1	0	7	4	0	12
时代的	0	0	0	2	11	13
安生	0	0	0	0	1	1
那么大	1	2	0	2	1	6
星是给	1	1	3	1	0	6
真神奇	1	0	0	1	0	2
可以说	0	0	0	0	3	3
很流畅	0	0	0	0	2	2
痛快	0	0	0	1	1	2
还是不错的	1	3	6	3	0	13
懂得	3	0	1	5	2	11
的鬼片	3	1	2	0	0	6
我又	3	0	1	1	1	6
焦灼	0	1	0	0	0	1
纯洁	1	0	0	2	2	5
都不想	5	1	1	1	1	9
有点	5	22	74	52	12	165
就够了	1	1	3	2	1	8
太厚	0	0	1	0	0	1
不给	3	3	1	0	3	10
很好	1	2	15	17	22	57
非常绝妙	0	0	0	0	1	1
友爱	0	0	0	0	1	1
也很重	0	0	0	1	0	1
焦躁	0	0	1	0	0	1
压抑	0	5	5	11	4	25
国产片	1	2	1	1	2	7
这么一部	5	0	3	0	0	8
非常精致	0	0	0	1	0	1
那么多	2	0	5	11	4	22
好慎	0	0	1	0	0	1
比较烂	0	0	1	0	0	1
公主	0	0	2	3	4	9
挺漂亮的	0	2	1	1	1	5
经历过	0	0	2	1	3	6
借口	0	1	1	5	7	14
不孤独	0	0	0	1	1	2
再惨	0	1	0	0	0	1
真的好惨	0	0	0	1	0	1
水平	6	1	3	4	3	17
错	0	2	1	3	3	9
又嚣张	0	0	0	1	0	1
的多	0	1	2	5	0	8
火焰	0	0	2	2	2	6
熟悉	0	0	0	0	2	2
立场	0	0	1	3	5	9
不白	0	0	0	0	1	1
得很好	0	0	0	3	5	8
轻易	0	0	2	0	2	4
管晓杰	2	7	2	3	0	14
负	5	0	0	0	2	7
遗忘	2	0	0	3	8	13
傻逼的	2	1	1	0	1	5
不怕	1	2	2	1	0	6
特殊	1	0	1	0	3	5
大	17	15	32	38	31	133
呵呵呵呵呵呵	4	0	0	0	0	4
意识	0	0	1	3	5	9
成熟	2	0	1	0	3	6
不怎么	0	2	6	1	1	10
好好	3	0	3	11	12	29
郁郁	1	0	0	0	0	1
奋斗	0	1	1	0	4	6
更加凸显	0	1	0	0	0	1
舒适	0	0	0	1	0	1
大概是	0	0	4	2	1	7
挺高	0	0	1	0	1	2
人民	1	0	2	0	3	6
挺宽容	0	0	0	1	0	1
蛮难	0	0	0	1	0	1
叹息	0	0	2	2	3	7
生存	0	0	5	10	17	32
不过还是	0	0	4	3	2	9
吧~	1	2	3	2	2	10
是如此	0	0	0	3	5	8
半颗	3	0	3	0	0	6
有的电影	0	0	0	2	2	4
老戏骨	1	9	9	3	0	22
纯熟	0	0	1	0	0	1
更小	1	0	0	0	0	1
很低	0	0	2	0	1	3
几年	2	1	3	2	4	12
拖	3	1	0	2	0	6
甜美	0	0	0	1	1	2
克鲁尼	0	0	0	4	6	10
我笑	1	0	0	0	4	5
大自然最高	0	0	0	1	0	1
很不错	1	0	2	4	5	12
猪脚	5	2	2	0	2	11
乐趣	0	0	1	1	2	4
竟然	10	4	5	10	9	38
也不错	0	1	4	6	1	12
蛮	3	2	14	7	2	28
冷暖	0	0	1	0	0	1
佳	0	0	2	1	0	3
的好	4	3	3	9	4	23
佩服	4	0	2	3	6	15
酷	0	0	3	3	0	6
我想说	3	0	2	0	0	5
善恶	0	0	1	0	0	1
丰腴	0	0	0	1	0	1
不通	0	1	0	0	0	1
比较晦涩	0	0	0	1	0	1
逼急	0	0	0	0	1	1
精英部队	0	0	1	4	3	8
很精致	0	0	1	0	1	2
爱情片	0	1	3	13	6	23
到底	5	5	6	3	3	22
妥妥	0	0	0	2	1	3
咋	3	3	8	0	1	15
好显	0	0	1	0	0	1
没怎么	0	0	1	0	0	1
视角	0	0	2	6	5	13
多烂	16	3	0	0	0	19
技术	1	1	4	2	1	9
抛弃	0	0	2	1	6	9
哭得	2	0	0	0	4	6
真爱	0	2	3	6	8	19
思考	0	0	8	5	5	18
设计	5	2	10	4	5	26
电影吗	4	1	1	0	0	6
台词	15	9	8	10	22	64
吐槽的	3	1	1	0	0	5
小女孩	1	0	4	7	2	14
心里	2	2	4	7	10	25
内心的	0	0	1	3	3	7
明亮	0	0	1	0	0	1
又荒谬	1	0	0	0	0	1
交织	0	0	1	3	2	6
奸诈	0	0	0	1	0	1
许多	0	3	3	5	9	20
就是长	0	0	1	0	0	1
太悲惨	0	0	0	1	2	3
开头	8	4	6	7	6	31
经典的	0	0	0	6	8	14
略俗	0	0	0	2	0	2
封建	0	0	1	1	1	3
不可	0	0	1	2	4	7
也不劲	0	1	0	0	0	1
我都不想	8	0	0	0	0	8
看到了	5	1	2	0	8	16
一个人	9	2	9	10	18	48
偏执	2	0	6	1	1	10
挺流畅	0	0	0	1	0	1
的电影了	5	0	1	3	2	11
深远	0	0	0	0	2	2
也少	0	0	1	1	0	2
不知道说	4	1	1	0	0	6
很和谐	0	0	0	1	0	1
一乐	0	1	0	1	0	2
不了	4	6	11	2	3	26
混乱	0	6	2	5	4	17
以至于	3	0	2	0	1	6
健康	0	0	1	0	0	1
更无聊	1	0	1	0	0	2
优越	0	0	0	1	0	1
不惊悚	0	0	1	0	0	1
理想	0	1	1	7	4	13
不吓人	2	2	6	0	0	10
真相	0	0	2	2	6	10
不再	1	1	1	5	6	14
虎头蛇尾	0	1	5	1	0	7
巧妙	0	1	1	4	6	12
还是可以	0	2	2	1	1	6
深	0	1	3	3	4	11
和哈里森	2	0	1	0	0	3
最危险	0	0	0	0	1	1
浮夸	2	2	0	1	1	6
简直	18	2	3	10	15	48
可幸	0	0	0	0	1	1
短暂	1	0	0	0	2	3
想象	3	1	7	5	4	20
一点吗	2	1	1	0	0	4
勇气	1	0	1	3	3	8
抄	4	1	3	0	2	10
挺聪明	0	0	0	1	0	1
平缓	0	0	1	0	1	2
比较阴暗	0	0	1	0	0	1
才是	3	2	3	13	15	36
我们都是	0	0	0	3	2	5
现实	4	1	11	26	23	65
看过这么	3	1	1	0	1	6
就好了	0	1	1	3	1	6
片了	2	1	1	0	2	6
聂隐娘	1	3	3	0	0	7
一些	1	2	12	8	11	34
商业片	1	2	3	4	2	12
就说	3	1	0	3	1	8
其实近	0	0	1	0	0	1
了·	4	1	1	0	0	6
真心弱	0	0	2	0	0	2
一身	3	2	1	0	1	7
西班牙	0	0	2	3	4	9
些许	0	1	0	3	1	5
憋住	0	0	0	1	0	1
高冷	0	0	0	0	1	1
其实还	0	5	3	1	0	9
贱	6	0	1	0	7	14
拍出来	5	1	1	1	1	9
（：з	0	2	2	3	1	8
能理解	1	2	0	2	1	6
亮丽	0	0	1	0	0	1
比较方便	0	0	0	1	0	1
叙述	0	1	1	2	8	12
很年轻	0	0	0	0	2	2
默哀	1	0	0	0	0	1
只记得	0	1	5	6	3	15
我就	18	2	10	8	7	45
越高	0	0	1	0	0	1
超越	7	0	0	1	2	10
已经有今天	0	0	3	2	1	6
简陋	0	1	0	0	0	1
？	174	97	92	84	86	533
鱼人	0	1	3	3	1	8
好吗	9	2	4	1	2	18
想法	0	1	2	3	4	10
怎么说	0	1	1	3	1	6
微博	0	0	0	2	2	4
不然	3	1	3	6	2	15
越来越残	1	0	0	0	0	1
鲜明	0	0	3	3	0	6
昏昏欲睡	0	2	3	1	0	6
真是和谐	0	0	0	0	1	1
相爱	0	2	0	4	2	8
悲壮	0	0	1	0	0	1
得还	1	1	2	2	0	6
拉拉	2	0	1	3	0	6
又一部	2	3	1	1	1	8
思想	3	0	6	3	6	18
破坏	0	0	2	2	4	8
！太	2	0	1	0	3	6
男爵	1	1	13	6	1	22
看过原	0	0	0	0	0	0
只重	0	0	1	0	0	1
诧异	0	0	0	0	1	1
只要有	0	2	1	0	3	6
是看在	1	5	0	0	0	6
怪异	0	0	1	2	0	3
的美	0	1	2	3	0	6
太棒了	0	0	0	1	8	9
这才	0	0	0	1	1	2
已经不	0	0	1	5	1	7
不热	0	2	0	0	0	2
没法	2	0	2	3	1	8
杰作	1	0	0	1	5	7
很炫酷	0	0	0	0	1	1
很舒服	0	0	0	2	2	4
同样	1	1	1	7	5	15
以为是	3	8	4	4	4	23
令人	1	1	2	5	13	22
说了	9	4	4	1	5	23
的时间	3	1	5	9	2	20
没意思	3	5	4	0	0	12
出色	0	0	1	3	3	7
平庸	0	3	7	3	0	13
细致	1	0	0	1	1	3
）_	0	2	3	3	2	10
太诙谐	0	0	0	0	1	1
不烂	0	1	0	0	0	1
元素	0	2	8	6	4	20
痒	0	0	0	1	1	2
很幽默	0	0	0	1	2	3
健忘	0	1	0	0	0	1
就完全	0	0	0	0	1	1
打分	5	0	1	1	0	7
。。哎	0	0	1	3	0	4
场景	8	2	6	12	16	44
反正	0	3	3	3	2	11
看了这么	1	0	2	0	1	4
真厉害	1	0	0	0	0	1
挺有意思	0	1	0	3	0	4
充满了	1	0	1	5	5	12
纯真	0	0	4	1	1	6
百看不厌	0	0	0	1	5	6
富贵	0	0	0	4	3	7
已老	0	0	0	1	0	1
伪装	0	0	0	1	9	10
不适合	2	3	6	3	2	16
应该	9	7	10	17	24	67
有的	3	4	12	6	1	26
史上	7	0	2	1	2	12
是无语真的	13	0	0	0	0	13
巨	0	0	1	2	2	5
想起	4	2	6	13	8	33
扯淡	3	6	0	0	1	10
棒的	0	1	0	1	9	11
地塞米松	0	0	3	5	1	9
作为一部	0	1	2	2	2	7
我想起	0	1	2	1	0	4
没有看	3	0	2	3	1	9
看不到	1	0	2	2	2	7
太牛逼了	2	0	0	0	5	7
第一次看刘别谦	0	0	0	2	2	4
环环相扣	0	0	0	3	3	6
？？	16	13	4	5	9	47
都不是	1	2	0	4	0	7
太长	1	2	4	1	0	8
期望	0	1	6	0	1	8
陪伴	0	0	3	3	3	9
有限	1	1	1	1	0	4
都不想给	7	0	0	0	0	7
体现	1	1	3	3	6	14
还是挺	0	3	4	10	1	18
从来	3	0	2	1	5	11
养眼	2	1	8	3	1	15
少	1	1	4	2	4	12
这样的片	3	0	0	0	1	4
至于	3	2	2	0	1	8
知道是	4	2	5	2	2	15
最深沉	0	0	0	1	0	1
觉得挺	0	2	2	3	0	7
？！	11	2	1	5	7	26
无厘头	7	6	7	4	0	24
完爆	0	0	1	2	0	3
另类	0	1	4	2	1	8
已经	20	4	18	13	18	73
清	0	1	0	1	1	3
也许是	2	0	2	0	2	6
酱油	2	4	3	4	0	13
已经常见	0	0	0	1	0	1
细腻	0	0	2	1	3	6
才有	0	0	5	0	2	7
不幸	0	0	0	0	5	5
片尾曲	0	3	1	5	0	9
也差	0	1	0	0	0	1
真恐怖	1	0	0	0	0	1
浓烈	0	0	0	1	2	3
太差了	4	2	0	0	0	6
女主角	17	8	9	15	3	52
不停	0	0	6	2	2	10
一边	7	5	8	1	6	27
中国人的	1	0	0	1	3	5
还以为	3	0	2	0	1	6
最烂	24	0	0	0	0	24
烂片！	9	2	0	0	0	11
叙事	0	2	14	15	14	45
没想到	6	3	8	1	5	23
又青	0	0	0	2	0	2
」∠	0	0	0	0	0	0
谢谢	2	0	1	2	5	10
强悍	0	0	1	0	0	1
搞笑	14	13	29	31	24	111
还好	2	6	13	6	2	29
目的	2	0	5	3	2	12
_╰）	1	2	1	1	0	5
错过	2	0	3	5	8	18
至今	1	0	3	3	2	9
更纯粹	0	0	0	0	1	1
绝望	2	2	4	5	2	15
这个世界	0	0	1	1	6	8
★★★	0	0	1	3	3	7
印象深刻	2	0	2	4	3	11
比较无聊	0	1	0	0	0	1
没有之一	14	1	0	2	9	26
星是因为	5	1	1	0	0	7
远	0	2	1	4	2	9
挺俗	0	1	1	0	0	2
怀旧	0	0	0	3	3	6
挺好	0	3	1	4	2	10
平平	0	1	4	0	0	5
剧情太过	0	1	2	1	0	4
太老	0	1	0	0	0	1
都很美	0	0	1	0	0	1
相当不错	0	0	1	1	0	2
太残忍了	0	0	0	2	2	4
为毛	2	1	2	1	0	6
最美好	0	0	0	2	1	3
史上最烂	4	0	0	0	0	4
刻意	1	2	1	3	1	8
是有多	5	0	4	0	2	11
极	0	1	1	1	2	5
不古	1	0	0	0	0	1
怪物的	0	1	2	3	0	6
正确	1	0	0	2	0	3
的那么	4	1	3	2	1	11
做的	2	1	2	8	10	23
||	0	2	2	3	1	8
挺大	0	0	0	2	0	2
滑稽	1	0	0	0	2	3
稳定	0	2	0	0	0	2
高大	1	0	3	1	1	6
狗狗	0	2	4	8	7	21
我们不	0	1	0	5	1	7
里面的	3	2	4	3	9	21
10分钟	5	1	0	0	0	6
直视	2	2	1	2	4	11
了好吗	5	1	0	0	0	6
儿童	0	0	5	8	0	13
也不热	0	1	0	0	0	1
讽刺的	0	1	1	3	2	7
很重	0	0	1	1	1	3
严明	0	0	0	1	0	1
不踏实	0	0	0	0	1	1
意义	1	3	2	9	6	21
漂亮	3	8	18	11	4	44
太	48	31	44	48	53	224
不及	1	0	3	1	1	6
粉	2	0	5	3	3	13
痛苦	0	0	1	4	6	11
死的	0	3	2	3	4	12
好萌	1	1	1	3	0	6
太有喜	0	1	0	0	0	1
清醒	0	0	0	1	0	1
结构	0	1	1	2	4	8
也让	0	0	0	0	3	3
这真的是	2	1	1	1	2	7
真是完美	0	0	0	0	1	1
的脸	3	5	4	8	1	21
但	14	28	48	82	48	220
的杀戮	0	1	1	0	4	6
记录片	0	0	0	3	4	7
非常善良	0	0	1	0	0	1
三颗	0	0	0	0	0	0
没话说	1	3	1	1	0	6
太残忍	0	0	0	1	1	2
细节	1	1	4	8	7	21
又有	1	2	1	4	5	13
剧情片	0	2	1	2	2	7
美好	0	1	3	14	16	34
我不是	0	0	2	1	3	6
再加一星	0	0	1	0	0	1
爱情故事	0	0	2	7	6	15
美女	5	6	15	5	6	37
托罗	0	0	2	6	2	10
深深	0	0	0	1	3	4
特么	7	2	1	1	1	12
恶搞	2	4	5	3	2	16
-_-	0	2	3	0	0	5
不幸福	0	0	0	0	2	2
也就是	1	2	1	2	1	7
好美！	0	0	2	1	2	5
挺扎实	0	0	0	1	0	1
品味	0	2	2	1	1	6
文革	0	0	0	1	5	6
没看完	7	5	6	0	2	20
越来越精致	0	0	1	0	0	1
的行为	0	0	0	1	7	8
难	6	4	3	5	5	23
西游记	2	2	1	0	1	6
的观众	3	0	0	4	1	8
。。。。。	0	0	0	0	0	0
发现	12	5	13	7	14	51
挺搞笑	0	2	0	1	0	3
时代	0	1	1	11	30	43
一生一世	1	0	13	5	1	20
相当紧凑	0	0	0	1	0	1
超过	3	0	0	2	3	8
故事的	1	2	3	9	8	23
电影的	10	6	15	20	9	60
还会	2	0	0	4	0	6
标准	1	1	2	1	2	7
环保	0	1	0	4	3	8
中的战斗机	7	0	1	0	0	8
沉重	0	1	3	4	5	13
不认真	0	0	0	1	0	1
真正好奇	0	1	0	0	0	1
他妈的	6	1	1	1	5	14
够充实	0	0	1	0	0	1
什么了	1	4	2	0	1	8
更好	1	1	2	7	6	17
部队	0	0	1	4	3	8
心中	1	1	2	2	2	8
性感	1	2	0	7	1	11
却顺畅	0	0	0	0	1	1
到尾	1	2	1	0	2	6
不寂寞	1	0	0	0	0	1
感到	4	0	2	2	5	13
美妙	0	0	0	1	4	5
更加珍惜	0	0	0	0	1	1
恶魔	0	0	4	1	1	6
看上去	0	3	2	1	0	6
个人风格	0	0	1	1	5	7
、、	1	2	2	7	1	13
最最烂	1	0	0	0	0	1
战争	0	0	3	13	15	31
更多	3	0	2	6	6	17
程度	8	0	3	5	2	18
一开始	3	2	3	2	0	10
好看~	1	1	1	3	0	6
良久	0	0	0	0	1	1
真辛苦	0	0	1	0	0	1
一定要	4	1	1	2	7	15
完全	14	14	13	9	6	56
更加清楚	0	0	0	1	0	1
就要	1	1	1	2	4	9
果然老	1	0	0	0	0	1
挺新颖	0	0	0	1	0	1
还贫穷	0	0	0	0	1	1
的不够	0	1	3	4	4	12
其实我觉得	0	0	3	1	0	4
毕竟	1	1	2	0	3	7
真是费劲	0	0	0	1	0	1
吧。。	12	2	2	2	1	19
命运	1	0	2	7	12	22
的地方就是	1	1	2	0	1	5
太惊喜	1	0	0	1	1	3
很足	0	0	0	1	0	1
永恒	0	0	1	6	3	10
尽管	1	1	1	3	3	9
那么多借口	0	1	1	4	3	9
更容易	0	0	1	0	0	1
很不适	0	0	0	1	0	1
娱乐	2	2	2	2	0	8
稍微	0	2	5	1	1	9
纪录片	2	0	10	19	29	60
果然是	3	2	2	0	2	9
家庭	5	0	1	4	9	19
又心狠	0	0	0	1	0	1
真的很烂	2	1	0	0	0	3
和释小龙	3	2	1	0	0	6
俊俏	0	0	0	1	1	2
情怀	0	0	2	0	4	6
一边白	0	0	1	0	0	1
正好	0	0	0	1	1	2
腥	0	0	0	2	0	2
深沉	0	0	0	3	3	6
比较容易	0	0	0	0	2	2
啊~~	2	1	0	4	2	9
看不懂	3	1	4	4	4	16
解释	6	2	2	4	2	16
很难想象	1	1	1	0	1	4
主观	0	1	3	1	5	10
睡觉	8	0	2	2	4	16
笨	0	0	1	2	2	5
——	5	5	1	4	9	24
分离	0	0	1	1	4	6
一贯	0	0	5	2	2	9
我的童年	0	0	0	1	5	6
安全	0	0	2	0	0	2
十足	1	0	3	4	1	9
最爱	0	0	1	4	12	17
喷	0	2	0	0	4	6
照样好	0	0	0	0	1	1
哈哈哈哈哈哈哈	4	0	0	0	1	5
笑死	7	1	2	4	8	22
杀	3	3	4	8	5	23
又是一部	3	0	1	0	1	5
情	1	2	2	3	2	10
狂躁	0	0	0	0	1	1
真是青涩	0	0	0	1	0	1
感受	0	1	2	3	7	13
失望	4	9	8	3	1	25
成长	2	0	3	5	7	17
有名	2	0	1	0	2	5
黑	6	1	4	4	4	19
大学	1	0	2	2	1	6
悲哀	1	1	1	0	5	8
就是长足	0	0	1	0	0	1
解决	1	2	0	2	1	6
感动了	0	0	0	5	3	8
还小	0	0	0	1	0	1
靠	9	9	5	2	9	34
做作	4	6	4	2	0	16
承认我是	0	0	4	0	0	4
感叹	0	2	2	1	1	6
有效	0	0	1	0	0	1
都不恐怖	2	3	1	1	0	7
愤青	0	0	1	0	0	1
苦	0	1	1	4	1	7
是不是	13	5	9	11	3	41
是没	2	2	3	1	2	10
知道自己	1	1	1	0	4	7
永远是	3	1	1	0	1	6
个什么	3	3	1	0	0	7
最离奇	1	0	0	0	0	1
慵懒	0	0	0	1	0	1
又是	5	1	5	8	3	22
闷	1	3	5	0	0	9
但在	1	0	2	2	5	10
我很	4	0	2	1	5	12
一定平安	0	1	0	0	0	1
月升王国	0	0	0	3	4	7
爱是	0	1	0	1	5	7
太容易	0	1	0	0	0	1
太喜欢	0	1	2	5	3	11
智慧	0	1	0	4	7	12
更神奇	1	0	0	0	0	1
就彻底	1	0	0	0	0	1
麻烦	0	2	0	1	0	3
暖	0	0	0	0	1	1
马天宇	16	5	1	0	1	23
也太慢	0	0	1	0	0	1
平凡的	0	0	1	4	2	7
就是富贵	0	0	0	0	1	1
乔治	0	0	0	0	1	1
给我听	0	0	1	2	2	5
的样子	2	1	7	10	9	29
四星半	0	0	0	5	1	6
都少	0	0	0	2	0	2
妖娆	1	0	0	0	0	1
紧	0	0	1	2	0	3
卑鄙	0	1	0	0	0	1
的最后	2	1	0	2	4	9
非常有趣	0	0	0	2	0	2
再认真	0	0	0	0	1	1
你再	0	0	0	4	2	6
不至于	1	1	3	0	1	6
很不错的	0	0	3	4	2	9
原来高	0	0	0	1	0	1
好意思	6	3	0	0	0	9
就是成功	0	0	1	0	0	1
都小	0	0	0	1	0	1
极其慢	0	0	1	0	0	1
配乐	0	9	6	14	17	46
╮（	0	0	0	0	0	0
已经彻底	0	0	1	0	0	1
这是恐怖片	1	0	3	0	0	4
渲染	2	1	0	1	4	8
鼓励	0	0	3	2	1	6
不想说	3	2	2	0	1	8
浪费了	7	7	5	0	0	19
本来就	0	1	1	5	1	8
我笑了	1	1	1	0	2	5
认为	1	2	4	4	6	17
不到	6	5	7	15	32	65
太复杂	0	0	1	0	0	1
伤害	0	0	3	2	3	8
浩大	0	0	0	2	0	2
喜欢这个	0	0	4	4	3	11
用力	2	1	1	1	1	6
脑残粉	0	0	2	0	5	7
丰饶	0	0	0	0	1	1
连结	0	0	0	1	0	1
极度惊魂	1	0	0	0	0	1
凶残	0	0	0	1	0	1
杀戮	0	1	4	9	8	22
更加血腥	0	0	0	0	1	1
乱	1	2	6	3	5	17
刘镇伟	2	8	7	1	0	18
虎口脱险	0	0	1	2	6	9
酥	2	0	0	0	0	2
诺亚	0	0	0	7	3	10
特	0	2	0	4	2	8
张力	0	1	2	1	2	6
就被	3	0	1	0	2	6
最有趣	0	0	0	0	1	1
真热闹	0	1	0	0	0	1
表情	4	8	2	1	3	18
很搞笑	1	0	6	6	1	14
看来	1	5	3	10	7	26
已经有	1	0	0	1	0	2
好看多了	0	1	2	1	0	4
简直就是	2	3	2	1	0	8
真好玩	0	0	1	0	0	1
花了	7	0	1	1	1	10
我都	17	4	1	5	5	32
探险	0	0	1	5	0	6
严格	0	0	0	1	0	1
分的	4	0	1	0	1	6
阔	0	1	0	0	0	1
的让人	0	0	0	0	5	5
浪费时间	9	5	0	0	0	14
体会到	1	0	0	0	5	6
太诡异	0	0	1	0	0	1
真是可悲	0	0	1	0	0	1
很简单	0	0	0	0	1	1
还强	0	1	0	0	0	1
_（：	0	2	3	3	2	10
矫揉造作	4	1	1	0	0	6
完美	0	0	0	9	26	35
稍微弱	0	0	1	0	0	1
忒猥琐	0	1	0	0	0	1
危机	0	1	0	4	3	8
特别是	4	2	2	4	5	17
一般	4	20	56	14	4	98
最好的	2	0	2	8	20	32
全程	3	0	1	1	3	8
迟	0	0	0	0	1	1
可惜了	2	9	2	4	0	17
侮辱	11	2	0	0	0	13
傻	9	3	5	1	2	20
强	2	6	7	5	6	26
得挺	0	2	3	1	0	6
可爱	0	5	14	24	27	70
不能再	4	3	1	1	1	10
血	1	0	1	5	2	9
力荐	0	0	0	2	4	6
再次	1	0	0	3	4	8
清澈	0	0	0	2	0	2
记录	0	2	0	2	4	8
真得很美	0	0	0	1	0	1
丰盛	0	0	0	0	1	1
其实挺	0	0	4	2	0	6
心情	6	3	7	5	5	26
再浪漫	0	0	0	1	0	1
凑	5	2	1	0	0	8
大叔	0	4	3	2	1	10
就有	2	2	4	4	4	16
乏味	0	4	4	2	0	10
相当精致	0	0	1	0	0	1
没见	2	1	2	2	0	7
蝙蝠侠	0	0	6	1	0	7
还弱	0	0	0	1	0	1
颠覆	3	0	2	3	1	9
什么~	0	0	6	0	0	6
看过的最	5	1	0	1	5	12
笑料	2	1	3	6	2	14
如果不能圆满	0	1	1	4	1	7
很渺小	0	0	0	0	1	1
我一个人	2	1	2	0	0	5
的音乐	2	1	1	1	3	8
明明	2	4	7	1	1	15
如果不能	0	0	0	0	0	0
这样的故事	0	0	1	1	3	5
依旧	0	1	5	7	2	15
天才	0	1	1	1	5	8
像我	2	0	2	1	1	6
恍惚	0	0	0	1	0	1
年轻时	0	0	2	2	2	6
很深	2	0	2	2	3	9
表达	6	8	6	7	1	28
浪费	20	12	5	1	1	39
狗屁	2	2	1	2	0	7
真美好	0	0	0	1	0	1
心态	5	0	3	4	2	14
垃圾中	0	0	0	0	0	0
的怪物	0	0	4	4	0	8
吓	8	1	4	4	2	19
到爆	1	1	2	1	1	6
这拍的	1	2	1	0	0	4
很萌	0	0	6	1	2	9
国家的	0	0	1	2	5	8
非常一般	0	0	2	1	0	3
震惊	2	1	1	1	5	10
也都	2	1	1	1	3	8
能有多	2	2	0	0	0	4
英雄电影	0	1	3	1	2	7
我实在	4	1	1	1	0	7
的很好	0	0	0	5	3	8
名字	23	3	9	4	6	45
粗暴	0	1	0	0	0	1
犟	0	0	0	0	1	1
时候的	0	0	2	8	4	14
哎。。	0	4	0	0	0	4
一部分	0	0	3	2	2	7
很复杂	0	0	1	0	2	3
的爱	1	1	1	2	12	17
已不易	0	0	0	0	1	1
爱的不够	0	1	1	4	4	10
优美	0	0	0	2	0	2
薄弱	1	0	1	0	0	2
呵呵呵	2	3	1	0	0	6
蠢笨	1	0	0	0	0	1
不累	0	1	1	0	0	2
绝妙	0	0	0	0	5	5
克里斯蒂安·贝尔	0	1	2	1	0	4
整部电影	2	2	4	2	2	12
吃了	2	1	2	0	2	7
同时	1	2	6	3	3	15
或许	0	2	5	4	6	17
给力	0	3	1	3	2	9
记忆	1	0	5	11	11	28
偏	1	0	2	0	1	4
SB	12	1	0	0	0	13
又要	1	2	3	0	0	6
总是	1	4	7	17	14	43
小伙伴们	2	0	2	0	2	6
的真实	0	1	0	3	2	6
有鬼	2	1	2	2	3	10
复仇的	0	1	5	0	0	6
想想	1	2	3	6	3	15
式的	0	0	3	3	5	11
每个人	2	2	3	7	8	22
呢。。	0	2	2	1	0	5
极为罕见	1	0	0	0	0	1
泪流满面	3	0	0	2	2	7
年纪	2	2	0	2	0	6
更	12	5	12	25	27	81
穷	0	0	0	2	0	2
年度	6	0	0	0	1	7
的轮回	0	0	0	3	3	6
不错的	4	7	17	18	5	51
真实	1	4	6	19	23	53
为什么要	2	2	0	1	1	6
喜欢你了	0	0	2	4	2	8
略重口	0	0	0	1	0	1
声音	3	1	2	9	12	27
正面	0	0	1	0	0	1
不得不快	0	0	0	1	0	1
就喜欢	1	0	1	4	2	8
无力	5	3	5	2	3	18
我感觉	2	2	2	4	2	12
高级	2	0	1	2	2	7
豆瓣	21	2	7	1	7	38
这也	6	1	0	2	2	11
真麻烦	0	1	0	0	0	1
其实完全	0	0	0	1	0	1
惊恐	0	0	0	0	1	1
壮硕	0	1	0	0	0	1
说什么	6	3	0	1	0	10
精妙	0	0	0	0	3	3
两遍	1	0	0	1	5	7
不紧张	0	1	0	0	0	1
脑残片	5	0	1	0	0	6
自我	0	3	1	2	1	7
达到	1	1	1	2	5	10
也很美	0	0	2	0	0	2
伤痛	0	0	0	0	1	1
胆小	0	1	1	1	0	3
懂闹	0	1	0	0	0	1
很久	2	0	2	5	0	9
能把	3	0	1	2	3	9
幻想	1	0	7	12	14	34
没有鬼	1	3	3	0	0	7
的又	3	1	1	0	1	6
早就	1	2	0	3	0	6
科幻	1	2	3	0	0	6
就看了	1	2	1	2	2	8
蹩脚	0	1	1	0	2	4
凌弱	0	1	0	0	0	1
桥段	0	5	4	6	9	24
结束	2	1	9	5	7	24
当你	1	0	2	0	5	8
我哭了	2	0	0	1	2	5
一定是	2	3	3	4	0	12
相当一般	0	0	1	0	0	1
发展	3	1	3	1	2	10
其实我	4	2	7	4	3	20
死了！	1	0	1	1	1	4
的另	0	1	2	0	3	6
了不起	1	0	0	6	9	16
我居然看完	3	2	1	0	0	6
戏份	1	0	5	0	0	6
奇特	0	0	2	4	1	7
沉默	1	0	1	1	0	3
圆满	0	1	2	7	5	15
这样一个	1	1	0	1	3	6
非常惊艳	0	0	0	1	0	1
永远	5	1	4	8	16	34
还能	12	1	5	7	9	34
能拍	4	1	1	0	2	8
长相俊美	0	0	0	1	0	1
才	9	6	18	19	16	68
事实	0	1	1	1	4	7
觉得这	3	1	3	2	3	12
赵奕欢	9	6	5	1	0	21
太好	0	0	0	0	2	2
人是	1	0	0	5	3	9
的声音	2	0	1	5	6	14
找不到	3	0	3	0	1	7
浮躁	1	1	0	0	2	4
累赘	0	0	0	1	0	1
稍	0	3	0	4	2	9
完	32	12	10	11	21	86
男孩	0	0	2	2	2	6
已经不错	1	0	0	1	0	2
很有名	1	0	0	0	2	3
不知道是	1	1	2	1	1	6
怪物	0	3	12	7	3	25
太腥	0	0	0	1	0	1
好乱	0	0	0	3	0	3
这么好的	0	2	2	0	1	5
寂静	0	0	0	1	0	1
吓到了	2	0	3	0	2	7
巴西	0	0	3	18	23	44
情感	0	1	6	2	3	12
很优雅	0	0	0	0	1	1
血腥	1	0	13	11	7	32
些什么？	0	0	0	0	4	4
还是会	1	0	1	1	3	6
瞎了	3	3	1	1	0	8
我一个	0	0	0	1	1	2
甚好	1	0	0	0	0	1
二战的	0	0	2	2	2	6
关键	2	2	2	0	2	8
好可爱	0	0	1	1	4	6
更充足	0	0	0	0	1	1
单调	0	2	3	1	0	6
最好看	0	1	1	0	1	3
在中国	1	1	2	0	2	6
戚薇	4	4	5	0	0	13
久	4	1	3	6	0	14
铺垫	0	2	6	3	0	11
★★	0	0	1	2	1	4
不简单	0	0	1	0	1	2
美国	2	8	25	16	6	57
号称	9	1	1	0	0	11
较丑	0	0	1	0	0	1
太大	1	0	2	3	2	8
评分这么低	0	0	0	3	1	4
神奇	1	0	2	1	0	4
典型	1	1	6	2	3	13
虚伪	0	0	1	0	0	1
精神	1	1	1	3	5	11
就是为了	3	0	3	0	0	6
城市	1	2	4	7	8	22
审美	1	1	1	1	2	6
很有感	0	0	1	0	0	1
想象力	1	0	2	6	3	12
好评	1	0	0	2	4	7
不少	3	1	5	8	1	18
萌萌哒	0	0	2	4	5	11
总有	0	0	1	2	4	7
凋敝	0	0	0	1	0	1
真寂寞	0	1	0	0	0	1
带来的	0	0	2	3	4	9
超	3	0	2	5	19	29
蛮清纯	0	0	0	1	0	1
点什么	0	0	4	4	1	9
科学	2	3	6	1	0	12
堪称	0	0	0	2	5	7
批判	1	1	2	3	3	10
暧昧	1	0	1	1	1	4
很烂	10	3	2	1	0	16
有种	3	1	3	7	5	19
多给	2	2	3	1	0	8
梗	0	1	3	2	3	9
合适	0	0	2	2	1	5
继续	3	2	3	6	3	17
痴狂	0	0	0	1	0	1
太幼稚	0	1	1	1	0	3
复仇故事	0	2	2	4	0	8
很无聊	2	3	1	0	0	6
可贵	1	0	0	0	1	2
太高	1	0	2	2	1	6
当时看	1	0	2	2	2	7
也精妙	0	0	0	0	1	1
不忍	3	1	0	1	2	7
之前看的	2	0	2	2	0	6
够烂	1	1	0	0	0	2
挺甜	0	0	1	0	0	1
淋漓尽致	0	0	1	2	3	6
估计	7	3	2	6	3	21
不流畅	2	0	0	0	0	2
的傻	5	1	1	0	0	7
又笨	0	0	1	0	0	1
而是	0	1	2	7	10	20
最强	1	0	0	1	1	3
寓意	0	0	1	3	2	6
很坚定	0	1	0	0	0	1
值	1	0	4	0	2	7
作用	3	0	1	0	2	6
坚决	0	0	0	0	1	1
毁	2	2	0	1	1	6
象征	0	0	1	4	2	7
啊？	9	3	3	0	1	16
要不是	5	6	2	0	0	13
更棒	0	0	0	0	1	1
小霸王	0	0	0	3	5	8
的烂	11	3	1	0	0	15
变成了	0	2	1	6	1	10
年少	0	0	2	3	2	7
就是大	1	0	0	0	0	1
虽然我	1	0	2	2	2	7
林心如	10	14	15	3	3	45
水准	4	1	5	4	0	14
赚	3	0	2	2	2	9
啊！	25	7	15	5	17	69
原着	0	1	10	16	10	37
记得当时	3	0	0	3	2	8
我很喜欢	0	1	1	1	2	5
艾玛	0	0	2	6	3	11
枪战	0	0	0	4	2	6
畅快	0	2	0	0	1	3
满分	1	0	0	1	6	8
庆幸	2	0	0	3	5	10
潜规则	4	2	1	0	0	7
啦	8	5	11	8	17	49
悲痛	0	0	0	0	2	2
明星	2	0	4	0	2	8
这货	6	1	0	0	0	7
小女孩的幻想	0	0	1	1	2	4
造成	1	0	0	2	4	7
平和	0	1	0	1	0	2
至极	3	2	1	1	4	11
安妮海瑟薇	0	0	7	3	4	14
平凡	0	1	0	1	0	2
吸引	3	2	6	1	3	15
我怎么	4	3	0	0	2	9
之作	2	10	1	5	10	28
怪兽	0	0	4	1	3	8
梦想	0	0	0	1	5	6
难道	5	2	3	2	2	14
惊悚片	13	10	7	2	1	33
了些	0	0	1	6	0	7
最美	0	0	2	2	4	8
真是好奇	0	0	0	0	1	1
小	13	17	27	28	30	115
美	11	7	21	20	7	66
想把	5	0	0	0	1	6
太浪漫	0	0	0	1	1	2
手段	1	2	3	1	2	9
浪漫	0	1	6	7	9	23
触动	1	1	4	1	6	13
备胎	0	1	9	7	2	19
迷人	0	0	4	4	6	14
太和谐	0	0	0	1	0	1
女主	19	7	34	17	7	84
无语了	10	3	0	0	0	13
三观	0	2	2	3	0	7
不明显	1	0	0	0	0	1
动作	0	6	8	14	8	36
居然看完	1	0	0	0	0	1
特技	1	1	1	2	2	7
荒诞	0	2	0	0	2	4
绝对	11	1	1	4	8	25
还挺	1	3	9	1	0	14
刻画	0	1	3	5	5	14
最大的	1	4	4	3	10	22
急促	0	0	0	1	0	1
新的	2	1	1	3	4	11
魔幻现实主义	0	3	1	6	5	15
多年	3	2	6	8	4	23
用心	1	0	3	5	1	10
都很烂	1	0	0	0	0	1
我爱	0	0	0	1	8	9
吓人	9	5	12	2	0	28
有多	6	6	6	3	5	26
四星	0	0	5	13	0	18
够惨	0	0	0	1	0	1
还蛮好	0	0	1	0	0	1
所有人	0	0	0	1	2	3
主人公	2	0	0	3	3	8
唯一	10	13	8	1	3	35
更大	1	0	1	0	0	2
愤懑	0	0	1	0	0	1
吐槽	22	5	4	3	3	37
ñ遍	0	0	2	3	2	7
反正我	1	3	1	2	0	7
不曲折	0	1	0	0	0	1
极度	1	0	2	0	1	4
穷苦	0	0	0	0	1	1
我刚	0	0	0	4	3	7
曾卑微	0	0	0	0	1	1
浓	1	2	1	0	0	4
更是拖沓	1	0	0	0	0	1
神马	11	1	2	0	0	14
极烂	1	1	0	0	0	2
疲惫	0	0	0	1	0	1
可能是	0	1	3	2	6	12
有大	0	2	0	0	1	3
朴实	0	1	0	1	1	3
俏皮	0	0	1	0	1	2
一切都	0	0	0	2	5	7
看了一遍	1	0	0	2	1	4
等待	0	1	1	3	4	9
最帅	0	0	1	2	2	5
极其明显	0	0	0	0	1	1
又可爱	0	0	0	5	1	6
司令	0	2	4	6	0	12
哈哈哈哈哈	4	1	2	2	1	10
太牛逼	0	0	0	0	1	1
已久	0	0	0	1	0	1
妈妈	3	2	3	5	9	22
需要	2	3	4	17	14	40
就是好奇	0	1	0	0	0	1
优	0	0	1	0	0	1
明快	0	0	0	0	1	1
我只	2	1	3	2	0	8
的标签	4	1	3	0	0	8
笑死了	2	0	0	3	6	11
是世界	0	0	0	0	0	0
窄	0	0	2	0	0	2
酸楚	0	0	0	0	1	1
之一	18	1	1	13	25	58
稚嫩	0	0	0	1	0	1
不给星	4	0	0	0	0	4
就容易	0	0	0	0	1	1
小姑娘	3	0	2	5	3	13
不错啊	1	1	2	3	0	7
大概	2	3	3	5	7	20
熔炉	0	0	8	4	1	13
投资	9	0	1	2	0	12
放弃	2	1	2	5	2	12
没有最烂	5	0	0	0	0	5
却是沉重	0	0	1	0	0	1
动人	0	0	0	3	5	8
演员的演技	1	1	3	0	1	6
忧郁	0	0	1	3	0	4
胖	0	0	4	0	1	5
不红	1	0	0	0	0	1
我去	7	0	1	0	0	8
奕欢很棒	0	0	1	0	0	1
吗？！	3	0	0	0	1	4
行动	0	1	0	3	4	8
心理	1	1	1	3	2	8
吗？？	4	2	0	0	0	6
很寂寞	1	0	0	0	0	1
困厄	0	0	1	0	0	1
剩下的	1	0	0	0	6	7
正由	1	0	0	0	0	1
好人	1	3	1	4	4	13
就没有	1	0	3	5	9	18
甚至狡猾	0	0	0	0	1	1
快感	1	0	0	0	0	1
越大	0	0	1	0	0	1
正规	1	0	0	0	0	1
飞鹰	0	1	1	2	2	6
坨	3	2	2	0	0	7
残酷的现实	0	0	0	4	1	5
有爱	0	0	0	3	3	6
突破	2	0	1	2	1	6
杀人	1	1	4	7	3	16
小朋友	0	0	3	3	0	6
洋	0	0	0	1	0	1
真够	1	0	2	0	0	3
生猛	0	0	0	1	0	1
希特勒	0	0	1	3	8	12
一代	0	0	0	4	2	6
世界	1	3	12	16	26	58
日本	1	2	3	17	46	69
塑造	0	1	3	2	0	6
男女	1	1	2	2	1	7
缺点	2	0	2	0	2	6
微笑	0	0	2	4	18	24
赞！	0	1	0	1	6	8
只不过	1	0	2	3	1	7
焦虑	1	0	0	1	0	2
萌的	0	1	1	4	2	8
很巧妙	0	1	0	0	1	2
当时的	0	0	0	5	2	7
瞬间	0	0	2	3	4	9
最残忍	0	0	0	0	1	1
分这么低	0	0	2	3	0	5
悲	0	0	3	3	1	7
观影	3	3	2	4	2	14
再棒	0	1	0	0	0	1
男神	1	0	3	1	2	7
得让人	2	1	0	1	1	5
很经典	0	0	0	5	1	6
很多人	3	0	4	3	3	13
似乎重	0	0	0	1	0	1
特别快	1	0	0	0	0	1
十二生肖	0	1	3	7	4	15
迷信	2	2	3	0	0	7
了还	2	1	3	0	1	7
了这	4	2	1	1	3	11
最终	1	0	1	8	7	17
拜托	6	1	0	0	0	7
讽刺	2	0	2	4	17	25
靓	1	0	1	0	0	2
奇烂	1	0	0	0	0	1
厚厚	1	0	0	0	0	1
啊！！	17	5	3	5	5	35
不帅	1	0	1	0	0	2
女友	1	0	1	3	1	6
真好	0	2	2	6	14	24
很漂亮	0	3	8	4	1	16
强烈	1	1	6	4	6	18
重心	0	0	1	0	0	1
唯一的亮点	2	3	0	0	0	5
世界观	3	0	1	1	1	6
庸俗	1	0	0	0	0	1
朋友	12	1	5	10	9	37
太慷慨	1	0	0	0	0	1
最喜欢	0	0	1	5	23	29
格外粗壮	0	0	0	1	0	1
也就算了	4	0	0	0	0	4
唤醒	0	0	4	1	2	7
舒缓	0	0	0	1	0	1
长	5	4	16	8	3	36
怎么看懂	0	0	3	1	0	4
QAQ	0	0	2	3	3	8
太突然	0	0	1	2	1	4
大人	2	0	2	6	1	11
显然	0	1	2	0	0	3
也棒	0	0	0	1	0	1
身材	2	2	8	2	1	15
我不喜欢	0	1	2	0	1	4
贫困	0	0	0	2	0	2
最多	2	2	3	0	3	10
有心	0	1	0	0	0	1
我哭	0	0	0	0	2	2
一星	21	3	11	3	0	38
真实不易	0	0	0	1	0	1
世界上	1	1	2	6	11	21
最大	0	0	1	4	2	7
还没有	2	1	1	1	3	8
标签	10	5	6	0	0	21
再低	1	0	0	0	0	1
石头	3	3	0	0	2	8
敏感	0	0	1	0	1	2
得如此	1	2	0	1	2	6
无疑	2	0	1	2	2	7
喜剧的	1	1	1	1	5	9
人类的	0	0	0	5	6	11
立意奇妙	0	0	0	0	1	1
哈哈哈	30	4	6	9	11	60
总觉得	0	1	5	6	5	17
反战	0	0	1	5	1	7
还安好	0	0	0	0	1	1
什么乱七八糟的	1	1	2	0	0	4
很糟糕	1	1	1	0	0	3
政治	1	1	2	6	3	13
理想主义	0	0	2	2	2	6
调调	0	2	1	1	7	11
强迫症	1	0	0	2	4	7
想要的	0	0	0	2	6	8
不新颖	0	0	0	1	0	1
五分	2	1	0	1	2	6
不自由	0	0	0	0	1	1
哈里森福特	0	10	9	0	0	19
炙热	0	0	0	0	1	1
我能说	3	1	0	0	0	4
小孩子	0	1	2	4	2	9
国产恐怖片	18	5	4	1	1	29
广泛	0	0	0	0	1	1
巧	0	0	0	1	0	1
囧	2	4	1	1	0	8
不如	10	4	5	8	6	33
已经充分	1	0	0	0	0	1
淫笑	0	1	0	0	0	1
嫩	3	0	1	0	0	4
很惨	0	0	0	1	0	1
木有	9	1	2	1	1	14
迅速	0	1	2	0	2	5
舒心	0	0	0	1	1	2
屏幕	0	1	0	1	4	6
直接	7	3	3	4	4	21
制作	4	2	4	3	2	15
最好	0	0	1	1	3	5
就是好	0	1	1	0	0	2
太棒了！	0	0	0	0	6	6
我承认我	0	0	4	0	0	4
╯_╰	1	2	1	1	0	5
丑恶	0	1	3	1	2	7
卧槽	4	1	1	0	1	7
不大	0	1	2	4	0	7
类似	1	3	5	0	5	14
蠢酷	0	0	0	0	1	1
很憨厚	0	0	1	0	0	1
告诉我	1	2	2	1	2	8
不好	6	4	9	10	4	33
是世界上	0	0	0	0	8	8
题材	3	9	16	11	4	43
惊奇	0	2	0	0	0	2
极明显	0	0	0	0	1	1
先生	0	0	1	6	3	10
毕竟老	1	0	0	0	0	1
高中	1	0	2	1	3	7
除了	17	13	18	5	9	62
没有人	1	0	2	5	1	9
变得	2	3	4	2	3	14
了太多	2	1	0	1	2	6
从不孤单	1	0	0	0	0	1
童话故事	0	0	1	2	3	6
越来越	1	4	3	4	2	14
为了什么？	0	0	0	1	3	4
黑帮	0	0	1	6	16	23
能有	4	1	0	1	0	6
的问题	0	2	5	3	0	10
后世	0	0	0	0	6	6
着好	0	0	1	1	0	2
中规中矩	0	0	6	2	1	9
底线	3	0	0	0	0	3
不解释	6	0	0	1	1	8
我就不	1	1	0	0	3	5
太柔弱	0	0	1	0	0	1
低劣	0	0	1	1	0	2
差了	5	3	1	2	0	11
不太	1	1	6	6	1	15
而已	2	2	4	7	6	21
原凉	0	0	0	1	0	1
都是我	1	0	1	1	2	5
心目中	4	0	0	2	0	6
回忆啊	0	0	1	5	3	9
最重要	0	0	0	2	2	4
好喜欢	0	0	4	9	13	26
真是唯美	0	0	1	0	0	1
生命	5	0	4	12	25	46
有意思的	0	3	2	4	1	10
很独特	0	0	1	0	2	3
给5星	1	0	0	1	3	5
缠绵	0	0	0	1	0	1
拙劣	3	0	0	0	0	3
只	9	13	14	26	24	86
混蛋	1	0	0	4	10	15
太少	1	0	1	1	0	3
谁是	1	0	0	0	1	2
为了看	1	0	5	1	2	9
也不知道	2	3	1	0	2	8
棒！	0	0	0	6	5	11
最后也	0	1	1	1	4	7
一直在	2	3	2	4	9	20
~！	0	1	2	0	8	11
容易	5	5	10	3	10	33
很明显	0	0	0	1	0	1
的世界	0	0	2	5	7	14
我相信	0	0	0	3	7	10
蛮舒服	0	0	0	1	0	1
戏剧	0	0	1	1	6	8
邪恶	1	0	4	2	0	7
都难	0	1	0	0	0	1
蛮久	0	0	0	1	0	1
真美	0	0	3	1	0	4
太差	1	2	2	2	0	7
相对	1	0	0	5	0	6
很轻松	0	0	1	0	0	1
烂！！	5	0	0	1	0	6
打广告	5	1	0	2	0	8
也长	0	0	0	1	0	1
分手	1	0	3	2	0	6
即便	0	2	0	5	3	10
最诡密	0	0	1	0	0	1
重复	2	1	0	2	2	7
释小龙	18	15	9	2	1	45
还不	3	1	1	0	0	5
柔软	0	0	0	1	1	2
太浮躁	0	0	0	0	1	1
纠结	1	0	4	2	1	8
印象	2	0	8	10	6	26
还是不错	0	0	1	0	0	1
文艺片	0	1	3	2	0	6
再也	7	2	1	3	7	20
田亮	2	10	8	2	0	22
不会有	0	0	3	2	2	7
爆发	0	2	4	2	4	12
真真漂亮	0	0	1	0	0	1
要看	1	3	1	4	5	14
1星	7	3	1	1	0	12
傻逼	22	1	3	4	2	32
哈里森	2	1	12	3	2	20
更加阴暗	0	0	1	0	0	1
宁愿	1	0	3	5	0	9
俗	2	0	6	3	0	11
不成熟	1	0	1	0	0	2
其实是	2	1	1	1	1	6
真心	10	7	5	6	7	35
慢慢少	0	0	0	0	1	1
蛮萧条	0	1	0	0	0	1
童年的回忆	0	0	0	4	3	7
特效	4	1	9	0	5	19
硬伤	1	1	2	1	1	6
能让人	1	0	0	2	2	5
极大	2	0	0	0	2	4
全	0	3	11	2	3	19
淫	1	0	0	0	0	1
融合	2	0	1	3	2	8
都觉得	3	1	1	1	3	9
牛逼	3	6	1	9	22	41
太拖沓	0	0	3	0	0	3
看我	3	2	0	0	1	6
理解	3	8	5	6	9	31
失败	2	1	7	2	1	13
冲淡	0	0	1	0	0	1
谈不上	2	1	2	1	0	6
身份	0	1	0	3	2	6
疯狂的	4	4	1	1	1	11
环境	1	1	2	4	6	14
更加	2	1	2	6	5	16
改编	0	2	4	6	5	17
真是好	0	0	0	0	3	3
震撼	1	0	2	11	24	38
。。	241	157	167	115	75	755
居然看完了	5	2	2	0	0	9
变态	5	0	1	1	7	14
必要	2	1	2	2	2	9
比什么都	0	0	0	2	2	4
碎	2	1	0	2	1	6
父亲	0	0	2	3	1	6
构思	1	1	0	2	4	8
带来	2	1	0	7	4	14
被感动的	0	0	0	1	3	4
一颗星	12	5	5	3	0	25
更坦然	0	0	0	0	1	1
创意	0	2	3	5	3	13
萌点	1	0	3	3	0	7
刀客	2	2	1	1	0	6
太粗糙	0	0	0	1	0	1
没有那么	0	0	6	2	1	9
呢！	1	2	2	1	2	8
很深沉	0	0	0	1	0	1
再也不同	1	0	0	0	0	1
成龙	0	3	26	61	45	135
大会	0	1	2	2	1	6
新	1	1	4	1	2	9
太搞笑	0	0	0	0	0	0
甚至邪恶	1	0	0	0	0	1
挺心疼	0	0	0	0	2	2
就认真	0	1	0	0	0	1
呢？	8	4	5	7	6	30
这尼玛	3	2	1	0	2	8
才会	4	0	2	2	2	10
很沉重	0	0	1	0	1	2
好~	0	0	2	3	1	6
流畅	2	0	0	3	5	10
形象	2	0	7	5	4	18
尤其	0	0	0	4	3	7
节操	5	0	2	1	0	8
了吧~	0	0	2	1	1	4
真的差	1	0	0	0	0	1
成这样	2	1	1	1	2	7
略显	0	0	3	2	2	7
对白	0	0	0	3	4	7
挺恐怖	0	0	0	0	1	1
黑童话	0	0	3	4	1	8
不够	6	12	18	13	7	56
完时	0	1	1	0	0	2
即使	2	1	5	5	6	19
却傻	0	0	1	0	0	1
惨烈	0	0	0	2	1	3
太厉害	0	0	1	0	0	1
激动	0	0	1	0	1	2
两个人	1	0	1	8	5	15
艰难	0	1	1	2	1	5
很新颖	0	0	0	0	2	2
童年回忆	0	0	1	3	6	10
愿意	2	2	3	3	5	15
平衡	0	0	0	0	1	1
了解	1	0	2	6	5	14
勇敢	0	0	1	4	7	12
手法	5	2	7	9	8	31
很惊悚	1	0	0	0	0	1
很慢	0	0	3	2	0	5
白	2	3	2	1	3	11
内疚	0	0	0	0	1	1
成就	1	0	0	3	5	9
比较恐怖	0	0	3	0	0	3
太少了	0	1	2	0	1	4
略旧	0	0	0	1	0	1
不过硬	0	0	2	0	0	2
微妙	0	0	0	1	0	1
看不下去	7	6	5	1	2	21
一般的	3	5	7	1	2	18
致郁	0	0	0	1	1	2
气质	1	1	6	4	2	14
晦涩	0	1	1	1	0	3
看了开头	4	0	0	1	0	5
合理	0	0	3	2	2	7
还是被	2	0	2	2	1	7
」∠）	0	2	2	2	2	8
比较美好	0	0	1	0	0	1
没办法	6	2	1	1	3	13
特恐怖	0	0	1	0	0	1
真心疼	1	0	0	0	0	1
不是一个	3	0	0	1	3	7
封建迷信	2	0	5	0	0	7
更凶	0	0	1	0	0	1
反而	1	1	6	3	2	13
明的	0	0	0	1	8	9
看一遍	1	1	1	1	8	12
悲凉	0	0	0	0	1	1
选择	1	0	9	11	13	34
被感动	0	0	2	4	3	9
孩子看的	0	0	1	2	1	4
再浓	0	1	0	0	0	1
反思	0	0	1	2	5	8
惨了	0	0	2	3	4	9
幽默的	1	0	1	6	3	11
笃	0	0	0	1	0	1
黑色	1	0	4	0	2	7
不管	1	0	3	6	6	16
玩意	3	4	1	0	0	8
太单薄	0	1	1	0	0	2
无知	1	0	0	3	3	7
大自然最美	0	0	0	0	1	1
是一部	10	6	6	5	9	36
啊……	4	1	10	5	2	22
是没有	3	1	0	1	1	6
随便	5	2	5	1	2	15
才发现	2	1	3	3	4	13
角度	0	3	3	5	2	13
慢	0	6	7	9	0	22
奥德曼和	0	0	0	0	0	0
神经	4	1	0	0	1	6
运用	0	1	0	1	4	6
伍迪	0	1	3	1	3	8
着实	1	0	2	3	1	7
初恋	1	2	3	0	2	8
的推荐	2	0	2	0	2	6
早期	1	0	2	6	3	12
出来的	6	4	6	3	5	24
挺爽	0	0	1	0	0	1
更冷	0	0	1	0	0	1
困难	0	1	0	2	2	5
虽然是	0	0	3	3	1	7
轻狂	0	0	0	1	1	2
听说	2	5	1	2	3	13
又幽默	0	0	0	0	1	1
我的	25	12	16	21	22	96
恐怖片	58	29	29	6	3	125
何必	1	1	1	3	0	6
份上	1	2	4	0	0	7
这么低	1	1	4	6	7	19
特别好	0	0	1	0	0	1
优秀	0	1	1	2	5	9
强忍	1	0	0	0	0	1
太浓烈	0	0	0	0	1	1
又俗	0	0	2	0	0	2
觉得	27	22	64	57	45	215
温馨	1	0	1	5	6	13
可以是	2	0	2	3	0	7
传说	1	0	1	0	0	2
清楚	0	0	2	6	2	10
想表达什么	0	2	2	0	0	4
的吗	1	1	1	0	1	4
吧？	3	3	4	5	2	17
不喜欢你	0	0	2	2	1	5
惊魂	4	0	0	0	0	4
相当紧促	0	0	0	1	0	1
仍然深	0	0	0	1	0	1
看懂	2	1	8	5	2	18
如果不是	1	5	4	1	0	11
哈哈哈哈	12	2	5	5	9	33
很厉害	0	1	0	1	0	2
跋扈	0	0	0	1	0	1
的吧	8	2	3	3	2	18
╮（╯	1	4	1	2	0	8
不讨巧	1	0	0	0	0	1
太简单	0	0	1	0	0	1
讨巧	1	0	1	0	0	2
喜剧电影	2	0	1	0	6	9
）╭	1	4	1	2	0	8
是为了什么	0	1	0	1	2	4
演了	3	3	3	0	1	10
弱爆了	2	3	1	0	0	6
香港电影	1	1	1	5	0	8
最烂的一部	3	1	0	0	0	4
没	50	35	45	33	21	184
最容易	0	0	0	0	1	1
啊。。。	0	0	0	0	0	0
都长	1	0	0	0	1	2
没有左没有	0	0	2	2	0	4
坑	3	1	0	0	2	6
演员都	1	1	3	2	4	11
勉强	1	5	2	1	0	9
明白	7	4	10	8	4	33
天朝	2	0	2	6	3	13
更广大	1	0	0	0	0	1
童年记忆	0	0	1	4	1	6
历史	0	1	2	11	11	25
大自然	0	0	0	3	4	7
否则	2	1	1	2	1	7
猖狂	0	0	0	0	1	1
我居然看过	3	1	0	0	1	5
的呢	2	1	2	2	0	7
在里面	3	2	5	2	0	12
更是一大	0	0	0	0	1	1
纯粹	7	5	7	2	4	25
珍惜	2	0	1	3	7	13
简直完美	0	0	0	0	1	1
近乎完美	0	0	0	0	1	1
缓慢的节奏	0	0	2	2	0	4
肯定	4	2	6	3	2	17
。。不过	0	2	1	1	1	5
懦弱	0	0	0	1	0	1
也稳重	0	0	0	1	0	1
真重要	0	0	0	0	1	1
拍成这样	4	1	1	1	5	12
更危险	0	0	0	1	0	1
血染	0	0	0	3	3	6
字幕	1	0	3	1	2	7
蒙蔽	0	0	0	0	1	1
张艺谋最好	0	0	0	0	7	7
写实	0	0	0	4	2	6
没人	4	0	2	1	2	9
所有的	2	0	1	2	2	7
较恐怖	0	0	0	1	0	1
渴望	0	0	1	2	3	6
钱	25	2	2	1	2	32
罢了	3	2	3	1	1	10
其他人	2	1	1	1	3	8
知道了	4	0	1	1	2	8
真挚	0	0	1	2	1	4
既不	1	4	1	0	0	6
挺诡异	0	0	1	0	0	1
比较强	0	0	1	0	0	1
不靓	1	0	0	0	0	1
精美	0	0	0	1	0	1
还是要	1	1	2	1	5	10
常见	0	1	0	1	0	2
不高	0	0	1	1	2	4
很详细	0	1	0	0	0	1
恶劣	0	0	0	0	1	1
装	7	3	2	0	2	14
太惨了	0	0	1	3	0	4
笑喷了	0	1	0	0	3	4
很粗糙	0	0	2	1	0	3
真正伟大	0	0	0	0	1	1
的桥段	0	1	1	4	2	8
非常明确	0	0	0	0	1	1
顺便	1	1	2	2	1	7
好好看	0	0	1	2	2	5
残暴	0	1	0	2	3	6
电影就是	2	0	2	2	1	7
爱上	0	0	4	6	5	15
蓝	0	0	0	1	0	1
别闹	0	1	0	0	0	1
不稳定	0	1	0	0	0	1
真俗	0	0	0	1	0	1
俗套	0	5	13	16	3	37
星都	7	2	0	0	0	9
还蛮	2	0	7	3	1	13
更傻	0	0	1	0	0	1
呵呵	14	4	8	4	6	36
连点特效	1	0	0	0	0	1
极为成功	0	0	0	0	1	1
更可悲	0	0	0	0	1	1
太美	0	0	1	6	1	8
太无聊	1	0	0	0	0	1
极为一般	0	0	1	0	0	1
难懂	0	0	1	0	0	1
海瑟薇	0	0	9	5	5	19
又复杂	0	0	1	0	0	1
电影很	1	1	1	2	1	6
并没有	0	0	6	2	1	9
境界	4	0	0	1	2	7
太惊艳	0	0	0	0	2	2
激烈	0	0	1	1	1	3
人性	0	1	5	12	14	32
不合适	0	0	1	0	0	1
苦难	0	0	0	5	6	11
我已经	0	1	5	2	1	9
半星	4	0	2	1	0	7
缓慢的	0	0	1	1	0	2
为什么会	6	0	1	0	1	8
更假	1	0	0	0	0	1
松散	1	2	3	0	0	6
精分	0	0	3	0	0	3
没有任何	3	6	3	1	1	14
的剪辑	0	1	0	0	8	9
真得很差	0	1	0	0	0	1
就想	6	3	0	0	2	11
大烂片！	4	0	0	0	0	4
还是	44	38	63	82	45	272
客观	1	0	3	2	2	8
太弱了	4	1	1	1	0	7
非洲	0	0	1	3	2	6
就能	1	1	2	1	1	6
偏要	0	1	0	0	0	1
真累	0	0	0	0	1	1
哈哈哈哈哈哈哈哈	4	1	1	0	0	6
最好奇	1	0	0	0	0	1
太确切	0	0	0	1	0	1
何必劳烦	0	0	1	0	0	1
的看完了	1	1	1	0	2	5
老师	6	1	2	2	7	18
黄金	0	1	3	5	4	13
疼	1	2	2	3	0	8
很幸福	0	0	0	0	1	1
高贵	1	0	1	0	0	2
有点儿像	0	6	0	0	0	6
文化	0	1	1	4	3	9
没那么	0	0	2	3	2	7
的啊	4	1	3	4	2	14
的一面	0	0	1	4	3	8
太强	0	0	1	1	0	2
罪恶	0	0	0	5	11	16
迪斯尼	0	0	2	2	2	6
太弱	0	0	3	0	0	3
精彩	2	6	16	23	28	75
好淡	0	0	0	1	0	1
挺牢	0	0	0	1	0	1
原声棒	0	0	0	1	0	1
个烂	0	1	0	0	0	1
怎么能	2	2	0	2	2	8
我在	7	2	3	1	4	17
最高	4	0	1	1	2	8
题材的	0	0	5	3	0	8
你真的	2	1	1	1	1	6
情结	0	1	2	0	4	7
心痛	0	0	0	3	6	9
都好好看	0	0	0	1	0	1
方式	4	3	8	13	18	46
情绪	4	1	3	4	4	16
大赞	0	0	0	2	6	8
з」	0	0	0	0	0	0
嘤嘤	0	0	2	2	2	6
鲜活	0	0	1	0	0	1
我真	5	3	0	2	3	13
也叫电影	5	0	0	0	0	5
无限	1	1	1	2	2	7
很细腻	0	0	1	0	2	3
很惋惜	0	0	0	0	1	1
没有什么	2	1	5	1	3	12
安妮	0	0	4	7	4	15
符合	1	1	0	5	1	8
我看	3	8	6	3	6	26
美国人	0	1	3	1	2	7
别	15	6	4	4	4	33
很贪婪	0	0	0	0	1	1
自己是	4	2	0	0	0	6
算不错	0	0	4	2	1	7
让人	8	10	13	29	29	89
战争的	0	0	0	2	4	6
三星半	0	0	10	3	0	13
靓丽	0	0	0	0	1	1
了吗	4	4	1	0	0	9
向往自由	0	1	2	1	0	4
糟糕	4	2	2	1	1	10
_（	0	0	0	0	0	0
再合适	0	0	1	0	0	1
那一段	1	1	4	2	2	10
可言	4	4	1	0	0	9
太乏味	0	0	1	0	0	1
都是给	1	2	0	1	0	4
是个什么	2	2	0	0	0	4
太惨	0	0	1	1	1	3
有酷	0	0	0	0	1	1
爆了	4	3	2	2	0	11
团结	0	0	0	1	1	2
-_	0	0	1	0	0	1
都让	1	1	1	0	3	6
最伟大	0	0	0	0	2	2
一切	4	5	4	12	12	37
权利	0	0	0	3	7	10
系列	1	4	3	9	3	20
∠）_	0	2	3	3	2	10
还痛苦	0	0	0	0	1	1
就这样	2	0	3	3	0	8
真是出奇	1	0	0	0	0	1
敢	5	2	1	1	3	12
想表达	0	1	3	1	0	5
国内	3	6	1	2	1	13
哦！	3	0	0	1	2	6
好看的	6	3	13	19	9	50
了吧	15	6	10	6	5	42
喜欢这种	0	3	0	8	6	17
较长	0	0	1	0	0	1
阴郁	0	0	2	0	0	2
更加混乱	0	1	0	0	0	1
逆袭	1	1	3	2	0	7
再努力	1	0	0	0	1	2
都说	1	1	3	2	1	8
···	35	8	13	9	4	69
我想要的	0	0	0	1	3	4
却有幸	0	0	1	0	0	1
到底有	2	0	0	0	0	2
不断	2	1	0	2	3	8
的奇葩	5	1	0	0	0	6
不过是	2	1	1	1	2	7
整体	3	5	10	6	0	24
烂得	7	0	1	0	1	9
很慢很慢	0	0	2	0	0	2
出场	1	1	1	2	1	6
真的不错	0	0	1	2	0	3
笑点	2	7	11	11	17	48
都比	6	3	0	0	0	9
看！	4	0	1	2	1	8
有笑点	0	0	1	1	3	5
编剧张二	6	0	0	0	0	6
不舒服	0	0	2	1	0	3
--	9	4	8	2	4	27
部分	0	4	14	7	4	29
看一下	0	2	1	1	2	6
略简	0	0	0	1	0	1
人心	1	0	2	5	4	12
实在	18	7	10	7	7	49
看过最	3	0	0	0	4	7
了呢	0	2	4	0	2	8
关注	1	0	2	4	1	8
对话	1	1	0	2	4	8
二战	0	0	0	6	5	11
差到	4	2	0	0	0	6
奢侈	0	0	0	0	1	1
看了两遍	0	0	0	0	4	4
就差	0	0	0	1	0	1
对比	1	0	0	4	2	7
很混乱	0	0	1	0	0	1
迪士尼	0	0	4	4	4	12
正义	0	1	1	4	1	7
不信则无	0	2	1	1	0	4
的海水	0	0	0	0	6	6
不敢	1	1	1	3	1	7
坑爹	9	2	3	0	0	14
很少	3	1	2	3	4	13
没有杀害	0	0	0	4	4	8
在说	4	2	0	0	1	7
真是帅	0	0	2	1	0	3
很小	0	0	2	2	1	5
二十年	0	0	2	1	6	9
太可爱了	0	1	0	1	3	5
平实	0	0	0	3	1	4
挺美好	0	0	0	0	1	1
再珍惜	0	0	0	0	1	1
啊	118	48	81	84	86	417
看起来	0	1	8	5	9	23
太顺利	0	0	0	1	0	1
都不想说	3	1	1	0	0	5
还不知道	1	0	2	1	0	4
夏洛克	0	0	0	4	3	7
人！	1	0	2	0	3	6
居然还	5	0	0	0	1	6
反应	2	1	2	3	2	10
有这样	0	0	0	3	6	9
不太记得	0	0	2	2	1	5
为自己代言	2	1	0	1	0	4
更贴切	0	0	1	0	0	1
荒凉	0	0	1	0	0	1
很不安	0	0	1	0	0	1
很好听	0	1	2	3	1	7
动画	0	0	3	23	22	48
演员们	2	0	1	1	3	7
看得下去	1	0	3	0	0	4
烂！	7	0	0	0	0	7
什么意思	1	2	2	2	0	7
爱一个人	1	0	1	1	2	5
光鲜	0	0	1	0	1	2
说明	3	0	4	2	2	11
太真挚	0	0	0	1	0	1
风格	1	2	19	27	18	67
心塞	0	0	3	3	3	9
设置	0	2	2	2	2	8
色调	0	0	2	7	3	12
也完全	1	0	0	0	0	1
可以说是	0	0	1	2	3	6
也不是	0	4	3	1	2	10
青涩	0	0	1	1	0	2
挺有	0	1	6	5	0	12
怎么	43	17	27	13	20	120
问题	6	7	12	15	11	51
真的很甜	0	0	1	0	0	1
灵动	1	0	0	0	2	3
火	1	1	5	2	1	10
又好	0	0	0	1	0	1
全部	0	1	2	2	5	10
几分钟	3	0	4	0	1	8
说是	6	1	5	2	4	18
看得	7	6	6	9	10	38
辛苦	0	1	1	1	0	3
戳中	0	0	3	5	0	8
去的	3	1	4	1	0	9
给负分	6	0	0	0	0	6
差劲	4	1	1	0	0	6
大牌	2	4	4	1	0	11
肤浅	1	3	1	0	0	5
不是那么	0	1	2	0	3	6
湿	1	0	0	1	1	3
不错了	1	0	3	3	0	7
更加优秀	0	0	0	1	0	1
太多的	1	0	0	2	3	6
很低俗	0	0	0	1	0	1
就是完全	0	0	0	1	0	1
这么烂	14	0	1	0	0	15
当地	0	0	0	0	6	6
了。。。	0	0	0	0	0	0
给两星	1	3	3	0	0	7
很自私	0	0	0	1	0	1
纯	1	1	8	2	1	13
阴沉	0	0	1	0	0	1
卡司	1	6	7	0	0	14
原谅	1	1	3	3	2	10
真好看	0	0	1	3	3	7
窝	2	1	2	3	3	11
结尾	4	12	19	30	18	83
糙	0	0	1	0	0	1
折磨	2	1	2	1	0	6
年轻	1	2	3	7	5	18
好看了	0	0	0	1	6	7
都困难	0	1	0	0	0	1
的好电影	0	0	0	2	3	5
难得	3	0	0	2	6	11
最好的电影	0	0	0	1	9	10
可爱了	0	3	0	1	3	7
先森	0	1	0	0	0	1
略高	0	0	0	1	0	1
要死	2	1	1	1	1	6
连	15	1	5	1	5	27
犀利	0	0	0	1	3	4
究竟	5	0	0	4	1	10
最优秀	0	0	0	0	1	1
有问题	3	2	0	1	1	7
的恐怖片	6	8	8	2	1	25
非常喜欢	0	0	0	4	2	6
年轻人	1	1	2	2	0	6
精致	0	1	5	3	5	14
太遥远	0	0	1	0	0	1
给孩子看	0	0	1	2	1	4
的话	11	3	3	9	12	38
卑劣	0	0	0	1	1	2
的最	7	2	0	4	7	20
真心好	0	0	0	1	0	1
了啊	10	6	0	2	4	22
都不好意思说	3	1	0	0	0	4
比较清晰	0	0	1	0	0	1
国产电影	9	2	1	1	2	15
就算是	4	0	1	1	1	7
大烂片	7	0	0	0	0	7
逻辑	3	6	2	2	3	16
到底是	7	0	3	2	3	15
再好	0	0	2	0	1	3
老子	4	1	0	1	0	6
更艰难	0	0	0	0	1	1
充满	3	0	0	6	10	19
我一直	2	1	2	4	4	13
我要	3	2	3	7	3	18
向往	1	0	1	2	5	9
很差	3	4	3	0	0	10
释小龙和	1	1	0	0	0	2
恶	1	0	4	3	1	9
去看	14	6	9	2	3	34
意外	0	0	3	3	2	8
不厉害	0	0	0	0	2	2
挺乐	0	1	0	1	0	2
其实	10	14	34	36	16	110
挺有趣	0	0	1	1	0	2
就黑	0	0	0	0	1	1
导演只会	3	1	0	0	0	4
完全没有	1	2	5	2	0	10
的那种	0	2	0	1	3	6
女生	0	0	6	4	0	10
不明白	3	2	5	1	0	11
冷酷	0	0	1	1	2	4
凄凉	0	0	0	2	0	2
港片	1	1	1	4	4	11
一边凉快	0	1	0	0	0	1
到什么程度	4	0	0	0	0	4
还年轻	0	0	0	2	0	2
疯狂	0	0	2	3	1	6
无下限	6	0	0	0	0	6
知道说	4	1	1	0	0	6
不爽	0	1	0	1	0	2
重新	0	0	1	1	2	4
又柔弱	1	0	0	0	0	1
紧张	0	1	1	2	6	10
一定	13	2	5	10	7	37
有所	0	0	1	2	3	6
的情节	3	6	3	7	2	21
好玩	2	2	3	2	7	16
我竟然看完	6	1	0	0	0	7
抢	0	2	1	2	3	8
真是弱	0	1	0	0	0	1
很好啊	0	1	0	2	2	5
梦	1	0	2	6	3	12
感动	1	2	15	18	32	68
一个字	5	1	0	0	2	8
老了	3	2	4	5	1	15
平	0	0	3	0	3	6
温暖	0	1	2	7	8	18
致敬	4	1	2	3	6	16
拍这种	4	2	1	0	0	7
要说	0	1	1	1	3	6
曾经	2	0	1	5	5	13
仔细	1	0	2	3	0	6
不顺	1	0	0	0	0	1
低俗	0	0	0	1	1	2
大众	2	0	2	2	0	6
很平淡	0	0	3	1	0	4
傲慢	1	0	1	0	1	3
真是美好	0	0	0	1	0	1
有幸	1	0	1	0	0	2
都没有	7	4	3	2	1	17
刘别谦	0	0	2	12	49	63
家	6	5	4	4	8	27
越美好	0	0	0	0	1	1
很恐怖	3	1	2	0	0	6
普通	0	0	7	1	2	10
红	1	0	6	5	1	13
害怕	1	1	1	4	2	9
5分钟	6	1	0	1	0	8
让你	1	1	2	6	7	17
就觉得	2	6	2	2	0	12
个性	0	1	0	2	3	6
电影还是	2	2	4	4	1	13
小时候的回忆	0	0	1	2	1	4
严重	3	0	1	8	1	13
特么细致	0	0	0	0	1	1
最强烈	0	0	1	0	0	1
还硬	1	0	0	0	0	1
果然烂	1	0	0	0	0	1
越是简单	0	0	0	0	1	1
再彪悍	0	1	0	0	0	1
都可以	2	0	1	3	2	8
是经典	1	0	1	3	1	6
现代	3	1	3	2	1	10
良好	0	1	0	4	1	6
是因为	10	5	9	12	6	42
打负分	7	0	0	0	0	7
和哈里森福特	0	4	1	0	0	5
比较	1	2	18	20	4	45
就纯	0	0	1	0	0	1
也不幸	0	0	0	0	1	1
却是诚意	0	0	0	1	0	1
努	0	0	1	0	0	1
一堆	3	4	3	2	1	13
不足	0	0	4	0	1	5
这是在	4	0	1	0	0	5
处理	0	1	6	9	4	20
很单纯	1	0	0	0	0	1
稍加厚	0	0	0	1	0	1
是多么	0	0	1	3	4	8
还能再	4	2	0	1	0	7
都很好	0	0	3	1	2	6
太慢	1	1	3	0	0	5
无论	1	0	0	2	3	6
逐渐清晰	0	0	1	0	0	1
还算	2	3	14	2	2	23
女的	5	1	4	3	0	13
最惨	0	0	0	0	1	1
复仇	1	6	10	8	0	25
渺小	0	0	0	0	3	3
原来	4	4	15	9	12	44
但是还是	0	0	4	2	3	9
多好	1	2	0	4	2	9
的部分	0	2	4	1	0	7
比较一般	0	0	1	0	0	1
我看过	15	3	1	2	4	25
布达佩斯大饭店	0	0	0	3	8	11
咯	1	2	2	0	2	7
可能	2	8	19	10	12	51
浅显	0	0	1	0	0	1
都要	3	3	1	3	5	15
只有	6	16	12	12	12	58
恶俗	4	1	1	0	0	6
简单的	0	1	1	6	2	10
不能说	1	0	2	2	2	7
忘记	0	0	6	5	6	17
甜	1	0	3	1	0	5
冲动	2	2	1	2	1	8
那个年代的	0	0	1	2	1	4
冷静	0	0	1	2	2	5
注意	0	1	3	2	0	6
基本	3	4	9	1	3	20
但我	0	2	8	4	7	21
最平静	0	0	0	0	1	1
公开	0	0	1	0	0	1
不适	0	1	1	3	0	5
精英	0	1	0	0	0	1
旺盛	1	0	0	0	1	2
宽容	0	0	1	1	0	2
那两个	1	1	2	0	2	6
无语	10	8	0	0	1	19
残害	0	1	0	0	2	3
2B	7	2	0	0	0	9
小女孩的	0	0	0	2	1	3
每次都	3	0	0	1	2	6
面对	0	0	1	4	9	14
非常喜欢的	0	0	1	2	2	5
差不多	3	2	0	4	1	10
欺骗	1	0	1	0	4	6
笑得	1	0	0	1	4	6
扣一星	0	1	3	1	0	5
很好的	1	0	3	5	5	14
凭	2	3	2	0	1	8
更足	0	0	0	0	1	1
的所有	1	1	0	2	3	7
经典！	0	0	1	4	4	9
早	2	0	4	2	5	13
太糟糕	0	1	0	0	0	1
无比	6	1	1	0	5	13
最恐惧	0	0	0	0	1	1
我没有	2	0	1	1	4	8
骗了	6	0	2	0	0	8
才看的	2	3	3	0	0	8
古怪	0	0	0	0	1	1
不想说什么	2	1	0	0	1	4
角色	4	7	13	15	10	49
好点	2	1	3	0	0	6
内心	1	0	2	0	4	7
心烦	0	0	1	0	0	1
那个年代	0	0	2	4	4	10
甚是甜蜜	0	0	1	0	0	1
真心不易	1	0	0	0	0	1
俩人	3	0	1	2	0	6
一颗	1	0	10	0	0	11
逗	2	2	4	3	4	15
是好的	0	0	3	1	3	7
高低	0	0	0	0	1	1
颜	1	1	7	2	0	11
很帅	0	1	14	4	3	22
本性	0	0	3	3	2	8
孤守	0	0	0	1	0	1
我想起了	0	0	2	1	1	4
乔治克鲁尼	0	0	0	3	3	6
再无聊	0	1	0	0	0	1
能够	2	0	1	2	4	9
打斗	0	1	5	3	4	13
意思	2	7	13	6	0	28
悲愤	0	0	0	1	0	1
是好	0	0	5	2	2	9
让人想	2	2	1	1	0	6
最好看的	1	0	0	5	6	12
疯了	4	0	0	0	4	8
很好看	0	0	2	9	10	21
更糟糕	0	0	0	0	1	1
想看看	10	1	1	1	0	13
蛮漂亮	0	0	1	0	0	1
顺利	2	0	0	2	0	4
慢慢	1	0	0	2	3	6
什么。。	1	2	1	1	0	5
狭隘	0	0	0	0	1	1
哈哈~	2	0	2	1	3	8
··	11	8	9	5	2	35
完整	0	3	2	5	4	14
精良	0	0	2	1	0	3
不朽	1	0	0	0	1	2
挺深	0	1	0	0	0	1
粗糙	0	2	4	2	0	8
一大	1	0	0	0	1	2
现实生活	0	0	0	3	3	6
尖锐	0	0	1	0	0	1
尤其是	3	1	3	5	6	18
不想给	10	0	0	0	0	10
是大	3	1	0	4	0	8
我自己！	0	0	0	1	10	11
矮	0	0	0	1	0	1
差点	2	2	2	3	1	10
资格	1	0	1	1	3	6
挺悲伤	0	0	0	1	0	1
面子	1	1	5	0	0	7
好烂	6	1	0	0	0	7
依然沉重	0	0	1	0	0	1
好像	8	8	20	13	8	57
看的我	0	3	0	0	3	6
也没有	8	2	3	2	4	19
哈哈哈哈哈哈哈哈哈	51	0	2	18	6	77
我是怎么	2	0	0	2	0	4
我说	3	3	3	1	1	11
蔫坏蔫坏	0	0	0	0	1	1
比起	1	2	2	2	5	12
真心烂	2	0	0	0	0	2
宣传	2	2	3	2	1	10
的童年	0	0	0	5	5	10
没有想象	0	0	0	1	0	1
明	1	0	1	0	0	2
只是	11	14	28	28	18	99
很美	0	0	14	4	1	19
经典啊	1	0	0	2	3	6
不知道怎么	3	0	1	1	0	5
记得	4	8	19	23	17	71
害死	1	0	3	1	1	6
妻子	0	0	2	3	1	6
吗！	3	0	2	0	0	5
讲故事	0	1	4	4	2	11
十分	0	0	4	10	9	23
但还是	0	3	1	9	4	17
太美好	0	0	0	1	0	1
很紧凑	0	0	0	1	1	2
魔幻	0	0	9	17	8	34
落魄	0	0	0	1	0	1
逼的	4	1	3	1	2	11
这种烂片	4	2	0	0	0	6
只有更烂	11	0	0	0	0	11
又看了	1	0	0	3	2	6
只能说明	0	1	1	4	5	11
的角度	0	2	1	3	0	6
这种电影	3	2	5	2	2	14
不一样	1	0	1	0	1	3
做好	2	1	2	0	1	6
看过原着	0	0	1	2	3	6
？！！	4	1	0	3	0	8
杀的	0	0	4	0	3	7
很快乐	0	0	0	0	1	1
真好真悲	0	0	0	1	0	1
醇厚	0	0	0	0	1	1
坚持	14	4	4	2	8	32
能不能	7	3	1	0	0	11
还高	0	1	0	0	0	1
非常诡异	0	0	0	0	1	1
很美妙	0	0	0	0	1	1
高潮	2	2	13	6	0	23
如果是	0	1	2	3	2	8
零分	10	0	0	0	0	10
片好	1	1	0	0	1	3
回味	0	2	0	2	3	7
热	0	3	2	0	1	6
我看了	4	0	0	0	1	5
的记忆	0	0	2	2	2	6
就是一个	2	1	1	0	4	8
就是这样	0	0	0	4	2	6
不忍心	1	0	1	1	3	6
讨厌	3	5	3	1	5	17
的风格	0	0	5	6	6	17
最直接	1	0	0	0	0	1
真是差	1	0	0	0	0	1
悲惨	0	0	1	4	8	13
黑社会	1	0	0	4	1	6
完之后	0	0	1	4	6	11
就少	0	0	0	0	1	1
就是因为	0	4	1	0	1	6
多大	0	1	3	1	1	6
最高明	0	0	0	1	8	9
说教	0	1	1	0	4	6
越来越好	0	0	0	1	0	1
很喜欢的	0	0	0	2	4	6
松弛	0	0	1	0	0	1
耍	2	2	5	0	0	9
最喜	0	0	0	0	1	1
情节	13	23	32	34	14	116
超酷	0	0	0	0	2	2
告诉	2	1	5	6	3	17
都强	0	0	0	1	2	3
故弄玄虚	3	2	2	1	0	8
虚荣	0	1	0	0	0	1
喜剧片	10	5	4	2	10	31
很强	0	0	2	3	1	6
又平淡	1	0	0	0	0	1
玩意儿。。	1	3	0	0	0	4
起码	0	3	2	2	3	10
再烂	13	1	0	0	0	14
智商	14	4	3	2	0	23
头疼	1	1	0	1	0	3
英雄	1	1	11	10	10	33
的处理	0	0	2	3	1	6
贫穷	0	0	0	1	5	6
节奏太慢	1	1	2	0	0	4
一颗星都	6	0	0	0	0	6
伟大	2	1	1	4	24	32
太严重	0	0	0	1	0	1
的孩子	1	0	1	4	2	8
不俗	0	0	0	1	1	2
真的好	4	1	2	2	5	14
烂	118	31	19	1	0	169
完全没	2	1	2	2	2	9
不是	35	31	32	46	41	185
我喜欢的	0	1	3	2	0	6
更低	3	0	0	0	0	3
顽固	0	0	0	0	1	1
等等	0	1	2	3	1	7
就可以	5	1	2	1	2	11
循环	0	0	1	0	6	7
也有烂	1	1	0	0	0	2
人类	1	0	7	14	21	43
挺有意思的	0	2	1	2	0	5
不显	0	0	0	0	1	1
就恐怖	1	0	0	0	0	1
影像	0	1	0	5	2	8
。。太	2	1	2	2	0	7
我看过最烂	3	1	0	0	0	4
导演	65	31	33	34	45	208
结局	8	7	21	46	26	108
为了什么	0	1	0	0	1	2
最恐怖	3	2	0	0	0	5
一个多	0	0	0	0	0	0
虽	2	1	4	3	2	12
失去	1	0	0	7	3	11
泪	0	0	2	4	2	8
韦斯安德森	0	0	1	8	22	31
特别差	1	0	0	0	0	1
颓废	2	0	3	0	0	5
不知道	16	16	9	10	21	72
耐心	1	1	4	2	0	8
就知道	4	2	0	3	3	12
挺热闹	0	0	1	0	0	1
从一开始	0	2	1	1	1	5
不易	1	0	1	4	6	12
死	20	9	15	25	28	97
将暧昧	0	0	1	0	0	1
好看啊	1	3	0	2	4	10
高兴	0	2	2	5	5	14
（：	0	0	1	0	1	2
无趣	1	3	10	0	0	14
得不错	2	0	2	2	0	6
的事	2	1	1	6	6	16
节奏感	0	0	2	4	1	7
奇伟	0	0	0	1	0	1
女神	2	0	1	4	1	8
2星	1	7	1	0	0	9
我觉得还	0	0	3	4	0	7
高的	0	0	5	1	2	8
的可以	2	0	3	0	1	6
更幸福	0	0	0	1	0	1
极恐	0	0	0	0	1	1
仍然	0	0	0	2	3	5
很碎	0	0	1	0	1	2
全是	3	1	3	1	2	10
幸好	1	2	0	1	0	4
琼斯	1	0	2	3	0	6
新意	1	1	4	3	0	9
了才	3	1	1	3	0	8
设定	0	6	4	8	5	23
39;已经	0	0	3	2	3	8
互相深爱	0	0	0	0	2	2
又长	0	0	1	0	0	1
不懂	5	1	2	1	4	13
小镇	0	3	4	5	1	13
带给	3	1	0	1	3	8
弱智	3	3	0	0	0	6
。。。。	0	0	0	0	0	0
最后的	3	0	6	11	8	28
好嘛	2	1	0	0	3	6
大的	2	2	1	3	4	12
光亮	0	0	0	0	1	1
类型	4	2	5	5	3	19
已经弱	1	0	0	0	0	1
挺	5	11	28	22	6	72
呀	14	5	3	5	4	31
是怎么	15	5	5	4	4	33
给一	0	0	0	0	0	0
的演技	12	8	15	8	7	50
有创意	0	0	2	3	1	6
场面	0	2	4	6	1	13
自由	0	1	3	2	10	16
我没	1	1	3	1	0	6
更是蠢	0	0	1	0	0	1
确定	2	3	2	4	0	11
确实	3	3	6	11	11	34
一幕	0	1	1	7	3	12
闪闪大	1	0	0	0	0	1
惊险	0	1	0	0	1	2
感情	2	4	6	7	3	22
5分	2	0	0	1	3	6
电影本身	2	2	5	1	3	13
可乐	0	0	0	0	1	1
的确意外	0	0	1	0	0	1
还差	0	1	2	2	0	5
演员	39	32	27	17	25	140
喜剧效果	2	1	0	1	2	6
短	1	1	2	1	0	5
我只能说	0	3	5	1	0	9
再看	2	2	3	7	7	21
到最后	2	2	3	2	7	16
的英雄	0	1	3	0	3	7
这个我	4	0	0	0	2	6
不过我	3	0	1	1	1	6
挺好玩	0	0	0	1	2	3
略弱	0	0	2	0	0	2
节奏慢	0	1	1	1	0	3
追	1	1	1	0	3	6
无耻混蛋	0	0	0	2	10	12
寡淡	0	1	0	0	0	1
真是精致	0	0	0	0	1	1
经典之作	0	0	1	3	4	8
真沉	0	0	1	0	0	1
下去的	0	3	1	2	0	6
表现	1	3	9	5	12	30
友情	0	0	0	4	2	6
就知道了	3	0	0	0	1	4
流氓	0	0	2	1	4	7
的黑暗	1	0	1	3	1	6
剧团	0	0	0	1	5	6
经常	1	1	0	2	2	6
说明爱	0	0	0	0	1	1
这样的电影	2	1	0	1	2	6
最完美	0	0	0	0	2	2
黄	0	0	1	0	1	2
脑子	5	1	2	1	0	9
不一样的	0	1	1	3	5	10
不对	1	2	2	0	2	7
这句	0	1	2	2	5	10
都会	3	1	1	3	10	18
真是	45	20	23	30	36	154
的感觉	3	8	16	12	14	53
自私	0	0	0	1	3	4
结束了	0	3	3	0	0	6
没错	3	1	2	1	1	8
舒服	0	0	2	5	4	11
幽美	0	0	0	1	0	1
是喜剧片	4	2	1	0	2	9
留下	0	0	1	4	1	6
太悲伤	0	0	0	0	1	1
没啥	2	6	4	2	0	14
就算	2	1	1	1	2	7
一星给	8	5	3	1	0	17
曲折	0	1	1	0	0	2
笑了	9	1	3	1	4	18
最为真挚	0	0	1	0	0	1
嫌	3	0	0	3	0	6
的也	2	4	5	2	5	18
抄袭	7	0	1	1	0	9
终于	9	4	5	9	7	34
还不错	3	2	18	26	4	53
说什么了	1	2	0	0	1	4
内容	8	3	11	6	2	30
啊啊啊啊啊啊	0	0	0	2	2	4
腐朽	0	0	0	1	1	2
太血腥	0	0	1	2	1	4
及格	0	2	3	1	0	6
也没什么	1	2	3	0	1	7
一样的	6	3	2	9	14	34
会是	0	0	2	3	1	6
幸福	0	0	3	8	16	27
不重要	0	0	0	3	1	4
可以	53	15	55	40	51	214
牵强	1	4	1	1	1	8
总有那么	0	0	4	0	0	4
奇迹	4	1	2	2	6	15
更丑陋	1	0	0	0	0	1
越来越帅	0	0	0	1	0	1
大陆	10	3	3	3	3	22
太疯狂	0	0	1	0	0	1
悬念	2	1	2	2	2	9
十年	0	1	1	4	4	10
不平等	0	0	0	0	1	1
老爸	0	1	2	1	2	6
我的菜	1	1	4	0	0	6
淡定	0	0	0	1	1	2
精湛	0	0	1	0	2	3
经典就是经典	0	0	0	2	2	4
回马枪	2	2	6	0	1	11
哭了	5	0	2	7	12	26
就是这么	0	0	1	2	3	6
信息	1	0	16	0	0	17
太早	0	0	1	1	0	2
不想	13	6	1	6	8	34
最怕	0	0	0	2	0	2
不能	35	13	19	16	10	93
童年	2	0	1	12	18	33
好在	0	2	5	4	2	13
薄	0	0	0	0	1	1
啊~	1	3	5	7	3	19
超级英雄	0	0	8	3	2	13
：з」	0	2	2	2	1	7
爱你	0	0	1	10	5	16
平静	0	0	0	2	2	4
给你	3	0	3	0	4	10
展示	1	0	1	2	3	7
睡着了	2	3	5	0	0	10
一起看	6	0	7	4	6	23
很真诚	0	0	1	1	0	2
何洁和	0	0	0	0	0	0
生涩	0	0	0	1	0	1
太精致	0	0	0	0	1	1
真一般	0	0	1	0	0	1
脸	9	11	14	15	4	53
道理	2	3	2	2	2	11
好看	15	17	28	32	46	138
毒品	0	0	1	5	8	14
看不下去了	8	6	2	0	1	17
惊悚	15	11	7	4	1	38
很多遍	0	0	1	5	2	8
挺矫情	0	0	1	0	0	1
容	1	1	1	0	0	3
最爱的	0	0	1	4	3	8
的还	1	0	6	2	1	10
的存在	1	2	2	2	6	13
豆瓣上	3	0	1	1	1	6
绝	1	0	3	1	1	6
五颗星	2	0	0	0	4	6
不得不	0	2	1	2	2	7
有意思	2	3	4	19	7	35
那么	26	9	49	22	29	135
浅滩	0	0	7	1	0	8
有那么多	1	0	1	3	0	5
骄傲	1	0	0	0	2	3
是真实	0	1	1	2	2	6
能给	5	1	0	1	1	8
真松	0	0	1	0	0	1
可	4	2	10	17	16	49
紧密	0	0	0	0	1	1
略简单	0	0	1	1	0	2
半个	5	0	1	0	0	6
无法	11	3	5	15	18	52
吝啬	0	1	0	1	1	3
啊…	0	0	1	1	1	3
不强迫	1	0	0	0	0	1
才会有	0	0	0	3	1	4
是这样	0	1	1	3	3	8
很多	6	9	17	18	25	75
没有那么多	0	1	1	5	3	10
太残酷	0	0	1	0	2	3
20年	0	0	0	5	1	6
最差	6	0	0	0	0	6
广电	6	1	0	0	0	7
吗……	1	0	2	1	0	4
比较弱	0	0	0	1	0	1
男主很	0	0	1	0	0	1
怀疑	6	0	2	2	1	11
保证	0	1	1	1	3	6
就行了	1	4	2	0	0	7
超有	0	0	0	3	3	6
的份上	1	2	4	0	0	7
落差	0	1	0	0	0	1
过程	0	0	4	8	0	12
略平	0	0	1	0	0	1
恐怖电影	9	0	1	1	1	12
顽皮	0	0	1	0	0	1
生活	0	4	17	27	45	93
哇	3	1	3	5	3	15
鬼片	14	8	5	4	1	32
才看	1	0	3	1	1	6
人就	1	0	3	0	3	7
最悲	0	1	0	1	0	2
啦！	2	0	2	1	2	7
年轻的	1	0	0	5	2	8
结合	0	0	5	6	4	15
弱弱	0	0	1	1	0	2
克鲁尼的声音	0	0	0	4	3	7
岁月	0	0	3	1	6	10
都不	7	2	11	4	6	30
很勇敢	0	0	0	0	1	1
展开	0	0	2	3	2	7
去了	1	1	3	0	3	8
语言	3	1	1	4	7	16
只能	5	4	5	10	10	34
艺术	1	2	0	1	9	13
会有	4	0	3	4	5	16
谁是谁	0	0	1	1	2	4
浓厚	0	0	0	0	2	2
后面	1	4	5	3	6	19
狠漂亮	0	0	0	0	1	1
探讨	1	0	3	0	3	7
屌	3	0	0	0	3	6
难忘	1	0	1	4	2	8
5星	3	2	1	3	6	15
长长的苦	0	0	0	1	0	1
很自大	0	0	0	0	1	1
再难	1	0	0	0	0	1
到位	1	0	2	4	7	14
比较差	0	3	1	0	0	4
纳粹	0	1	3	9	13	26
本来	8	5	7	8	3	31
不老	0	0	2	0	0	2
很纯净	0	0	0	0	1	1
努力	1	0	4	1	9	15
厉害	3	5	3	4	4	19
幽默	0	1	0	5	30	36
很血腥	0	0	1	2	0	3
的魔幻	0	0	2	3	3	8
剩下	0	2	1	2	4	9
羡慕	0	2	1	2	2	7
都不知道	5	2	1	0	1	9
大话西游	0	4	2	0	1	7
昏暗	0	1	0	0	1	2
再贱	1	0	0	0	0	1
无语真的是	13	0	0	0	0	13
的唯一	3	1	4	0	1	9
够无聊	1	0	0	0	0	1
先进	0	0	0	2	1	3
的人性	0	0	0	3	3	6
贝尔	4	12	31	12	4	63
安	0	0	2	1	0	3
真是烂	4	0	0	0	0	4
了一点	1	1	3	1	0	6
萌	1	3	13	13	11	41
喜欢你再	0	0	0	4	2	6
好吧	8	6	6	3	1	24
发挥	1	2	2	3	1	9
我觉得	10	7	17	10	14	58
好听	1	2	3	7	6	19
极其娴熟	0	0	0	0	1	1
很幼稚	0	0	1	0	0	1
辛辣幽默	0	0	0	0	1	1
又矫情	0	0	1	0	0	1
看！！	2	0	0	0	3	5
有那么	0	1	7	0	2	10
还微	1	0	0	0	0	1
能量	0	0	5	5	0	10
很俗	0	0	1	1	0	2
片尾	1	1	1	2	6	11
就好	1	1	2	6	9	19
矛盾	0	1	2	2	2	7
残忍	0	0	6	14	21	41
有时	0	0	1	3	2	6
绚丽	0	0	0	0	1	1
依旧无聊	0	0	1	0	0	1
非常完美	0	0	0	0	1	1
很悲哀	0	0	0	0	1	1
悠远	0	1	0	0	0	1
的时候还	1	0	0	3	0	4
很高	1	0	2	2	0	5
就奇	1	0	0	0	0	1
吓到	3	2	0	2	1	8
主线	1	1	1	3	0	6
就够	1	0	0	0	0	1
近	1	0	3	0	1	5
又看	0	0	0	0	0	0
大哥	1	0	1	5	1	8
吗。。	2	2	0	0	0	4
就这么	4	2	3	2	4	15
拍得如此	1	2	0	0	1	4
爱看	0	0	2	1	6	9
活泼	0	0	0	1	1	2
太平庸	0	1	2	0	0	3
太赞了	1	0	0	0	4	5
方力申	2	8	15	5	2	32
诡异	1	1	4	2	1	9
惊讶	0	1	0	2	2	5
蛮灵	0	0	0	1	0	1
很美好	0	0	0	1	5	6
有点像	0	2	3	3	3	11
蛮累	0	0	0	1	0	1
英国	0	3	1	0	2	6
电视剧	3	1	3	3	2	12
还是很不错	0	0	1	3	1	5
舒	0	0	0	2	0	2
就大	0	1	0	0	0	1
一类	3	2	1	1	0	7
平淡	1	4	12	3	2	22
愤怒	0	0	1	2	5	8
男女主角	1	3	5	0	4	13
但是	21	15	66	44	53	199
萧蔷	6	1	1	0	0	8
同样平实	0	0	0	1	0	1
得我	8	0	0	0	2	10
不安	0	0	2	0	0	2
释小龙何洁	3	3	1	0	0	7
却丰富	0	0	0	1	0	1
温和	0	0	0	1	0	1
看了很多遍	0	0	1	3	1	5
笑疯了	2	0	0	0	3	5
呀！	3	1	1	1	1	7
0分	7	0	0	0	0	7
吗	41	27	21	18	13	120
我居然	8	0	2	3	0	13
还真够	0	0	1	0	0	1
巨大	1	1	0	1	4	7
怎样	2	3	1	2	1	9
张艺谋	0	0	0	6	16	22
很稳	0	0	1	0	0	1
没看	5	3	4	5	0	17
太虐	0	0	0	1	1	2
不算	1	4	6	4	3	18
我也	6	5	7	11	7	36
弱	2	4	8	7	2	23
稳	0	0	0	1	0	1
伊能静	13	9	4	0	0	26
都不错	0	0	1	2	0	3
演的	7	10	6	4	5	32
卑微	0	0	1	0	2	3
太美妙	0	0	0	0	1	1
很静	0	0	1	0	0	1
（╯	0	3	1	1	0	5
最低	8	0	0	0	2	10
很艰辛	0	0	0	1	0	1
想给	6	2	2	1	1	12
男主角	3	2	9	12	2	28
说我看过	3	1	0	0	0	4
的电影之一	0	0	1	3	2	6
有这么	2	1	1	5	2	11
昆汀	0	0	0	1	6	7
上位	4	0	5	1	0	10
片子是	2	0	2	0	2	6
的结合	0	0	3	3	0	6
残缺	0	0	0	1	0	1
充足	0	0	0	3	1	4
职场	4	4	6	2	0	16
更猛烈	0	0	0	1	0	1
你能	1	3	0	0	3	7
果然	25	5	8	8	11	57
忽略	0	2	1	2	1	6
无论是	2	1	0	0	3	6
毫无	10	6	9	0	2	27
中国电影	4	0	0	2	3	9
单单	0	0	0	0	1	1
粗壮	2	0	0	1	0	3
黑色童话	0	0	2	5	0	7
很感人	0	0	0	2	5	7
真沉重	0	0	0	0	1	1
棒	0	0	2	1	5	8
好电影	0	1	3	4	10	18
时光	2	0	1	2	1	6
真心一般	0	0	1	0	0	1
很拖沓	0	0	1	0	0	1
我不	0	5	1	5	7	18
巅峰	0	1	2	1	3	7
的意义	0	0	0	4	4	8
就是最美	0	0	0	1	0	1
我喜欢	2	1	5	6	6	20
至少	1	5	11	6	6	29
忘了	2	2	4	8	4	20
当然	4	3	4	4	3	18
证明	1	0	2	2	2	7
都没	10	2	2	1	0	15
能力	0	4	2	2	3	11
小时候的	0	0	1	4	11	16
其他的	3	2	4	4	1	14
叫电影？	5	0	0	0	0	5
王国	0	0	0	7	5	12
的目的	1	0	3	2	0	6
社会	3	1	3	11	7	25
太烂了	7	2	2	0	0	11
我还	7	1	6	5	3	22
太棒	0	0	0	2	4	6
其实还是	0	0	2	4	2	8
改编的	1	2	2	5	2	12
挺不错	0	0	0	6	1	7
模仿	7	1	1	3	4	16
乐	3	2	0	0	2	7
男主很帅	0	1	5	0	1	7
给一颗星	7	1	2	1	0	11
很平庸	0	0	0	2	0	2
长的	4	2	3	3	0	12
相当完美	0	0	0	0	1	1
真郁闷	1	0	0	0	0	1
再差	2	1	0	0	0	3
沉思	0	0	0	0	1	1
不好看	11	15	2	0	0	28
长相	0	0	2	2	1	5
古旧	0	1	0	0	0	1
到底有多	4	1	0	0	0	5
真实的	1	0	2	6	8	17
也让人	0	1	1	0	2	4
呵呵呵呵	2	0	0	0	2	4
温柔	0	0	1	4	1	6
逐渐浓厚	0	0	0	0	1	1
依然充满	0	0	0	0	1	1
到不行	4	1	0	1	1	7
给三星	0	1	9	1	1	12
还黑	0	0	0	0	1	1
是我看过	5	3	1	1	3	13
万岁我自己！	0	0	0	1	4	5
任何	9	9	9	9	11	47
有多少	0	2	0	1	7	10
背后	0	0	0	1	6	7
也许	1	1	6	8	14	30
哭	4	2	5	10	23	44
一部片子	5	1	0	2	1	9
（╯_	1	2	1	1	0	5
又瘦	0	0	1	0	0	1
慷慨	1	1	0	0	0	2
好啊	0	2	0	4	4	10
神秘	1	1	2	1	0	5
太潦草	0	0	1	0	0	1
落实	1	0	0	0	0	1
却又	1	0	1	2	8	12
几乎	1	0	2	3	5	11
平民	0	0	0	3	4	7
﻿垃圾垃圾垃圾	0	0	0	0	0	0
影响	3	0	2	1	6	12
的吗？	3	0	0	1	0	4
丑	6	0	7	5	3	21
很邋遢	0	1	0	0	0	1
专门	2	0	1	1	2	6
让我想起	0	1	4	2	1	8
极高	1	0	0	0	0	1
说实话	2	4	4	0	1	11
承认我	2	0	0	0	0	2
有点儿	1	2	1	0	0	4
雷人	0	4	3	0	0	7
够	4	3	3	4	1	15
终于勇敢	0	0	0	1	0	1
混混	0	0	0	0	1	1
这部戏	2	0	4	0	0	6
变化	0	1	1	4	4	10
需要这样的	1	1	1	0	1	4
不知所云	6	5	2	1	0	14
很强烈	0	0	1	0	0	1
惊艳	0	1	4	5	5	15
这样一部	3	1	1	0	1	6
一半	5	4	4	2	2	17
真是大	0	0	0	1	0	1
TM	8	0	1	1	1	11
值得	6	4	7	9	13	39
再贴切	0	0	1	0	0	1
独特	0	0	4	6	4	14
不能不	4	1	1	0	0	6
么？	22	5	2	4	1	34
矫情	3	0	8	0	1	12
细	0	0	0	2	0	2
苦恼	0	0	0	0	1	1
死亡	0	0	1	3	5	9
不知道自己	1	0	1	0	2	4
只剩下	0	2	0	2	3	7
支持	4	1	1	3	7	16
闷闷	0	0	1	0	0	1
两人	1	1	3	3	3	11
爱的	0	0	1	7	4	12
非常强烈	0	0	0	0	1	1
屎	7	1	1	0	0	9
一男人	1	0	6	0	0	7
有时候	0	1	1	3	3	8
太缜密	0	0	1	0	0	1
最苦	0	0	0	0	1	1
挣扎	0	0	0	4	8	12
节奏太慢了	0	1	3	0	0	4
存在的	0	1	0	5	4	10
眼神	2	2	1	4	1	10
挑战	3	4	1	2	0	10
超级	8	3	3	3	20	37
很危险	0	0	0	0	1	1
感谢	1	0	1	1	4	7
也算是	4	0	0	2	2	8
艹	6	0	1	0	1	8
实在是	6	10	8	2	6	32
过硬	0	0	4	0	0	4
温情	0	0	3	6	5	14
很欢乐	0	0	2	2	2	6
便好	0	1	0	0	0	1
是挺	1	2	3	3	0	9
出彩	0	1	3	2	2	8
中的垃圾	4	0	0	0	0	4
再丑	0	0	0	1	0	1
乱七八糟	1	2	3	0	0	6
彻底	1	0	1	0	1	3
了不少	2	0	2	2	0	6
童年啊	0	0	0	6	1	7
还可以	1	6	19	7	2	35
骗	1	1	0	0	1	3
很可爱	0	3	4	6	2	15
相当彪悍	0	0	0	0	1	1
真的很俗	0	0	1	0	0	1
不一般	1	1	0	0	0	2
可我	0	0	3	3	0	6
灵异	0	0	1	0	0	1
了就	2	1	1	7	4	15
欢	1	0	0	0	0	1
真是太	3	1	1	2	4	11
的国家	0	1	1	0	4	6
所以	4	8	22	20	24	78
安德森	0	0	2	15	32	49
没觉得	1	1	4	0	2	8
未	0	2	1	1	2	6
怎么看	0	1	3	1	0	5
你不	1	3	0	0	5	9
就是单纯	0	0	1	0	1	2
越是	0	0	0	4	1	5
很乏味	0	1	1	0	0	2
败笔	3	1	1	2	0	7
都不好意思	0	0	0	0	0	0
团队	0	2	0	4	1	7
希望	4	4	5	11	35	59
怎么想的	4	0	0	0	0	4
裸	0	1	0	0	0	1
影子	0	1	1	4	1	7
好多了	1	1	3	2	1	8
梦幻	0	0	2	4	2	8
较好	0	0	0	1	0	1
笑喷	0	1	0	3	2	6
给一星	3	2	2	0	0	7
将痛苦	0	0	0	1	0	1
看在	3	10	6	0	1	20
清纯	1	1	0	1	0	3
还不如	6	3	1	1	0	11
相对好	0	0	0	0	1	1
神奇的	3	1	0	3	1	8
还挺喜欢	1	0	1	2	1	5
与现实	0	0	0	4	2	6
也不	7	13	14	6	3	43
着名	1	0	0	3	3	7
给我	3	4	1	4	6	18
就看	1	0	0	0	1	2
着重	0	0	0	0	1	1
的亮点	2	3	1	1	1	8
记住	2	2	1	1	3	9
讲的	1	5	4	1	2	13
战斗机	9	0	1	0	0	10
比较高	0	0	1	0	0	1
猜到	4	3	0	4	0	11
态度	0	1	2	4	5	12
看看	26	12	16	6	8	68
只能说	3	4	12	3	2	24
很热	0	0	0	0	1	1
都重要	0	0	0	1	0	1
人设	0	0	3	3	2	8
定格	0	0	1	1	2	4
自己也	0	1	0	3	6	10
灵感	1	0	0	0	0	1
啊啊啊	5	0	3	5	6	19
越来越难	0	0	0	0	1	1
少了	0	1	6	9	2	18
冗长	0	3	5	1	1	10
就在	1	0	2	3	5	11
不优雅	1	0	0	0	0	1
你也	3	2	0	0	3	8
那么多人	0	1	1	1	1	4
倒是很	1	1	1	0	1	4
稀烂	0	0	1	0	0	1
看过这片	3	0	0	0	1	4
革命	0	2	3	1	0	6
才知道	0	2	2	3	0	7
有感觉	0	0	3	2	2	7
赤裸裸	1	2	0	2	6	11
唉	5	12	4	5	3	29
不容易	4	3	4	0	1	12
段子	2	4	2	1	1	10
相当好	0	0	0	1	0	1
特点	3	0	1	1	2	7
抱着	2	0	7	1	1	11
哈哈	14	4	7	14	15	54
黄圣依	1	0	5	1	0	7
残酷	0	0	7	14	12	33
都丑	1	0	0	1	0	2
母亲	1	0	0	1	4	6
长大	2	4	4	16	12	38
居然是	1	2	1	6	4	14
无力吐槽	3	3	0	0	1	7
才是最	0	0	0	2	2	4
觉得自己	1	1	1	2	2	7
五星	2	0	2	2	23	29
也能	10	1	1	2	3	17
成为了	0	0	2	2	5	9
挺重要	0	0	0	0	1	1
不可憎	0	0	0	1	0	1
枪	0	3	3	7	7	20
我竟然	3	3	1	1	0	8
看到的	4	0	1	1	3	9
妈的	6	1	1	1	0	9
小日本	0	0	0	3	9	12
中国	14	11	10	15	22	72
的台词	5	1	1	2	10	19
悬疑片	2	2	3	1	1	9
无感	1	2	6	2	0	11
了吧？	1	1	0	1	1	4
、、、	1	14	0	3	0	18
定格动画	0	0	0	6	2	8
三星	2	3	24	4	1	34
真难	0	1	0	0	0	1
高科技	0	4	3	1	2	10
哈	8	2	3	3	5	21
很不爽	0	0	0	1	0	1
也热爱	0	0	0	0	1	1
都清楚	0	0	0	1	0	1
这么多	7	3	8	5	3	26
又蠢	0	0	2	0	0	2
还不够	2	0	2	2	0	6
正邪	0	0	1	1	1	3
烂到家	3	1	0	0	0	4
费劲	1	0	0	1	0	2
难道突然	0	0	1	0	0	1
了吧！	1	1	2	0	0	4
回忆	0	1	6	15	13	35
广告片	8	0	1	0	0	9
我们都	0	0	2	0	3	5
喜欢的	2	2	14	17	23	58
什么都	1	6	6	3	2	18
太清楚	0	0	1	0	0	1
没有	69	29	69	81	90	338
我”	0	0	6	0	0	6
嘛~	0	0	4	1	1	6
差	24	24	16	7	4	75
甚至	2	3	6	2	5	18
最深	0	1	0	0	1	2
具体	0	0	1	0	0	1
很浪漫	0	0	0	0	1	1
是无语	2	1	0	0	0	3
星都给	1	1	2	0	0	4
觉得还	0	0	5	3	0	8
心灵	0	1	1	3	4	9
大家	10	2	6	3	5	26
还真的	0	3	3	0	0	6
厚重	0	0	1	0	1	2
凑齐	0	1	0	0	0	1
儿时	1	0	1	6	3	11
相信	9	4	2	15	17	47
够残忍	0	0	1	0	0	1
展现	0	1	1	3	2	7
不和谐	1	0	1	0	0	2
过的	0	1	2	7	5	15
给差评！	4	0	0	0	0	4
喜欢这部	0	1	2	3	3	9
表现的	0	1	2	2	1	6
完了	3	2	1	1	0	7
深深的	2	0	1	1	2	6
好笑	1	3	4	5	12	25
犯罪	5	4	6	8	4	27
…	82	60	91	77	54	364
算是	5	2	8	13	8	36
的现实	0	0	2	4	2	8
的编剧	8	2	0	1	1	12
剪辑	5	7	8	11	20	51
不就是	5	1	1	1	0	8
就难	0	0	0	0	1	1
装逼	3	1	2	0	1	7
得到	1	1	4	3	6	15
你会	0	1	2	2	2	7
没有想象中	0	1	2	1	1	5
光是	1	0	2	0	3	6
激昂	0	0	0	1	0	1
真诚	0	0	3	2	0	5
笑尿了	2	0	1	0	1	4
完全是	4	4	3	4	2	17
适合	3	5	9	7	5	29
蛮好看的	0	0	4	1	1	6
扣人心弦	0	1	4	0	1	6
很容易	1	1	1	0	1	4
极聪明	0	0	0	0	1	1
的菜	1	1	4	0	0	6
武打	1	1	2	2	0	6
之类	0	0	1	0	0	1
所谓	2	1	4	2	3	12
真心不好受	0	0	1	0	0	1
特酷	0	0	0	0	1	1
无能	0	2	2	1	1	6
靠着	1	0	2	1	2	6
会让	3	0	2	1	1	7
得不能再	2	2	0	0	1	5
极度幼稚	1	0	0	0	0	1
比电影	1	1	3	1	0	6
喜欢看	1	0	3	7	0	11
正能量	0	0	3	5	0	8
现在还	2	0	0	3	2	7
这种调调	0	1	0	1	4	6
我只能	0	1	1	1	0	3
不完整	1	1	0	2	0	4
挺欢乐	0	0	1	1	0	2
的时候就	1	0	2	2	2	7
我只想	0	0	1	0	3	4
4星	0	3	2	3	0	8
黑暗童话	0	0	0	4	4	8
骂	8	3	0	1	1	13
帅	2	5	29	15	6	57
年迈	0	0	0	1	0	1
太好看	0	0	0	0	5	5
哥哥	2	0	8	2	1	13
╰）	0	1	1	0	0	2
还挺好看	0	0	4	2	0	6
广大	2	0	0	0	1	3
冷幽默	0	1	0	3	4	8
有人说	0	1	2	5	3	11
坏人	2	2	5	4	3	16
深切	0	0	0	0	1	1
非常心疼	1	0	0	0	0	1
还没看完	2	1	0	0	1	4
无耻	0	0	0	0	0	0
貌似	2	2	5	4	2	15
冷峻	0	1	1	0	0	2
狂热	0	0	1	0	0	1
真	34	13	22	18	27	114
太恐怖	1	0	0	0	1	2
深爱	0	1	0	3	2	6
睡着	1	2	0	2	0	5
相同血腥	0	0	0	1	0	1
大笑	2	1	2	3	2	10
日本人	0	0	0	10	24	34
过瘾	0	0	1	4	2	7
深刻	3	2	10	17	16	48
一般般	1	0	9	0	0	10
柔和	0	0	1	0	0	1
危难	0	0	0	1	0	1
这么好	1	0	0	0	0	1
很棒	0	0	4	13	14	31
劲	1	1	4	0	0	6
艰苦	0	0	1	0	0	1
好看！	1	1	0	2	3	7
给2星	0	4	1	0	0	5
对我	2	2	2	5	1	12
都容易	0	0	1	0	0	1
所以我	3	0	2	0	1	6
大多数	0	1	1	3	3	8
秀	5	0	1	2	1	9
到现在	2	1	0	1	4	8
话说	1	6	5	4	2	18
很真实	0	0	2	3	7	12
就算了	12	0	2	0	0	14
杂碎	0	0	0	1	0	1
一辈子	1	1	2	5	10	19
真的是无语	14	0	0	0	0	14
太搞笑了	3	0	0	2	2	7
不是我的	0	1	4	0	0	5
释小龙和何洁	4	0	0	0	0	4
遇见	0	1	0	3	2	6
真是坏	1	0	0	0	0	1
又热闹	0	0	1	0	0	1
所以才	0	0	3	2	1	6
很赞	0	0	1	6	3	10
看这种	4	1	2	3	1	11
无聊	27	31	18	4	1	81
也不会	4	1	0	4	1	10
编剧	31	13	5	7	11	67
去看！	1	0	0	0	3	4
哲理	2	1	0	3	0	6
的不是	1	1	2	0	2	6
更是	2	2	2	5	6	17
心酸	1	0	2	3	5	11
并且	0	1	3	2	3	9
太精贵	0	0	0	0	1	1
你还	4	0	0	2	1	7
不应该	2	1	1	1	3	8
真正	0	2	0	7	5	14
很诡异	0	0	1	0	0	1
丝毫	3	2	0	1	0	6
特别	4	2	6	10	12	34
国家	2	1	2	4	8	17
美丽	2	0	6	6	5	19
小孩	0	0	4	6	4	14
美的	5	4	4	4	3	20
自然	0	1	2	5	10	18
了很多	1	0	3	7	5	16
重温	0	0	2	4	12	18
顽强	0	0	0	0	1	1
高智商	8	1	2	0	0	11
想说	3	6	6	2	3	20
有今天	0	0	3	3	4	10
体会	1	0	1	1	0	3
很成功	0	0	0	0	2	2
可怕	1	1	8	8	9	27
的惊悚片	2	3	1	0	0	6
。。。。。。	0	0	0	0	0	0
不过	9	14	49	40	18	130
很难	0	0	2	3	2	7
感人	0	0	3	10	15	28
只会	4	0	4	1	1	10
更恐怖	0	0	0	0	1	1
中国的	4	0	4	9	3	20
能看到	2	0	2	2	1	7
然而	0	0	3	3	0	6
如果你	0	0	0	5	5	10
亮点	10	14	13	5	4	46
越来越漂亮	0	1	0	0	0	1
难看	16	10	4	0	0	30
可耻	1	1	1	2	4	9
都快	2	0	0	1	0	3
就是充满	0	0	0	0	1	1
很丰富	0	0	0	0	1	1
能再	6	3	0	1	0	10
的·	0	3	3	0	0	6
谁都	0	0	1	4	3	8
无数遍	0	0	0	1	6	7
无论如何	0	2	1	2	1	6
再大	0	0	0	2	1	3
太封建	0	0	0	1	0	1
越残忍	0	0	0	1	0	1
多了	10	3	11	5	8	37
的爱情故事	0	0	2	4	4	10
剧情也	3	2	4	0	0	9
真棒	1	0	0	2	3	6
低	3	2	9	8	11	33
大部分	2	1	1	5	4	13
男的	3	2	1	0	0	6
喜欢	10	17	65	86	76	254
荒唐	0	0	0	1	0	1
了些什么	0	2	1	0	2	5
非	2	4	1	4	1	12
有太多	0	0	2	2	5	9
非常独特	0	0	0	1	0	1
太凌乱	1	0	0	0	0	1
第一部	5	3	7	6	5	26
诠释	0	0	0	2	4	6
更加疏远	0	0	0	1	0	1
始终	0	1	3	8	2	14
硬	1	1	1	1	2	6
舒雅	0	0	0	1	0	1
最佳	2	0	1	0	3	6
看到这么	3	0	1	0	2	6
动物的	0	0	1	2	3	6
多人	1	1	1	3	3	9
男女主	0	0	4	5	1	10
令我	1	0	1	1	3	6
热闹	1	2	2	0	0	5
内地	2	2	1	0	1	6
啊。。	11	8	9	5	4	37
淡淡的	0	0	1	4	1	6
流泪	0	0	0	0	6	6
多么	1	0	2	4	10	17
泪点	0	0	0	2	6	8
夸张	2	0	2	3	6	13
太快	0	3	3	0	0	6
真的帅	0	0	0	1	0	1
烂啊	9	2	0	0	0	11
悲剧	2	0	5	9	8	24
让我们	3	0	1	4	3	11
易	0	0	1	0	0	1
也就	6	2	7	1	2	18
不佳	0	0	2	0	0	2
真是。。	2	1	1	0	0	4
很精彩	0	0	4	1	5	10
国产	20	9	3	0	2	34
次	1	1	1	2	3	8
简直是	10	4	1	1	1	17
渣	16	0	4	3	1	24
不得不说	1	0	1	3	2	7
套路	1	1	2	2	0	6
更烂	15	0	1	0	0	16
不低	0	0	0	0	2	2
竟然是	2	3	1	2	4	12
别扭	1	1	0	1	0	3
微	2	2	0	0	2	6
还可以的	0	1	3	0	0	4
仅仅	0	0	0	2	4	6
王子	1	0	4	1	2	8
欢乐	7	4	7	6	7	31
眼球	2	1	5	0	0	8
这几年	2	0	2	0	2	6
又颓	0	0	1	0	0	1
班尼	1	0	1	5	7	14
丑陋	1	0	2	2	3	8
一点	11	7	9	15	12	54
可悲	0	0	1	2	4	7
这才是	1	0	0	2	8	11
最酷	0	0	1	1	1	3
呈现	0	0	1	2	4	7
烂片！！	5	1	0	0	0	6
幽怨	0	0	1	0	0	1
假	8	6	5	4	2	25
呀。。	3	0	1	0	0	4
高富帅	2	1	1	2	0	6
也是一种	3	0	0	0	1	4
繁盛	0	0	0	0	1	1
地狱男爵	0	1	18	8	1	28
诶	2	1	4	3	1	11
喜欢！	0	0	0	3	7	10
可惜	5	8	15	8	9	45
葛大爷	0	0	1	4	2	7
力量	0	0	2	2	3	7
脑残	15	5	2	2	0	24
黑暗难熬	0	0	0	0	1	1
气氛	2	3	6	4	2	17
一种是刘别谦	0	0	0	0	4	4
没怎么看	0	0	5	1	0	6
一星都	4	0	0	0	0	4
另外	4	1	6	4	5	20
还是觉得	1	0	2	6	2	11
瘦	0	1	1	1	0	3
的味道	0	2	3	1	4	10
煽情	0	0	8	2	0	10
也没有那么	0	0	3	1	0	4
特别喜欢	0	0	0	5	2	7
越来越精湛	0	0	1	0	0	1
低的	4	1	1	0	2	8
追求	0	0	0	3	6	9
漫画	0	3	3	3	1	10
凸显	0	1	1	1	0	3
都完美	0	0	0	1	0	1
犹豫	0	0	1	0	0	1
揪心	0	0	0	1	5	6
真的很	10	2	3	8	11	34
在我心中	3	0	0	1	3	7
对不起	4	3	1	1	2	11
是真的	1	0	3	3	2	9
阴暗	0	0	6	3	3	12
残	16	6	3	2	0	27
漫画改编	0	1	2	3	0	6
了？	6	4	3	2	2	17
这么高	1	0	4	1	0	6
本来想	3	1	1	1	0	6
非常好	1	0	1	2	5	9
又悲伤	0	0	0	0	1	1
更烂的	4	0	0	0	0	4
完整的故事	0	1	1	0	2	4
任达华	14	12	10	1	1	38
不精彩	0	2	2	3	0	7
蠢	2	1	5	5	1	14
就是最好	0	0	0	0	1	1
而言	1	0	1	4	0	6
感觉还	0	0	5	0	1	6
拒绝	1	0	1	3	1	6
节奏慢的	0	3	0	2	0	5
而且	10	11	13	16	9	59
好多	3	2	2	10	3	20
一句话	4	0	1	2	3	10
这类	0	1	5	3	2	11
真实爽快	0	0	0	1	0	1
娇好	0	0	1	2	0	3
较差	0	1	0	0	0	1
为什么没有	6	0	1	0	0	7
还记得	1	2	2	2	3	10
奇怪	1	4	5	2	1	13
挺好的	0	0	1	6	1	8
大妈	4	1	1	1	1	8
唯美	0	0	6	1	1	8
心	1	3	7	7	10	28
原来是	1	1	4	1	1	8
还很贵	1	0	0	0	0	1
都想	0	1	3	1	1	6
郁闷	3	0	1	1	0	5
都能	3	1	5	3	10	22
这么多年	0	2	0	4	0	6
甜蜜	0	0	1	0	2	3
音乐	5	3	8	9	15	40
动画片	0	1	2	19	16	38
太勇敢	0	0	0	1	0	1
青春	1	2	1	1	3	8
这种片	4	2	1	1	0	8
也确实	1	0	0	1	0	2
的经典	0	0	0	9	10	19
错了	4	0	1	0	1	6
很长	0	0	0	1	0	1
克里斯蒂安	0	0	1	1	0	2
地狱	0	0	6	6	5	17
太多	9	6	10	6	13	44
惊人	1	0	0	1	2	4
来了	3	1	1	3	4	12
挺逗的	0	0	2	2	0	4
只有更	1	0	0	0	0	1
一点吗？	4	0	1	0	0	5
构图	0	1	1	2	3	7
却是	1	0	2	4	4	11
好奇	3	4	1	1	1	10
超爱	0	0	0	2	4	6
就是最大	0	0	0	0	2	2
贪婪	0	0	0	3	2	5
还能看	1	2	1	0	0	4
并不	0	0	1	3	4	8
我	298	104	161	170	218	951
：／／	2	1	0	1	3	7
不拖沓	0	0	0	1	0	1
不乱	0	0	1	0	0	1
不明确	0	1	0	0	0	1
恭喜	2	0	0	0	0	2
足够	1	1	1	2	3	8
з」∠	0	2	2	2	1	7
冲着	4	9	14	2	0	29
没看过	7	1	1	3	6	18
两颗星是	0	1	2	1	0	4
走向	0	0	1	5	2	8
我小时候	0	0	0	4	2	6
残片	5	0	1	0	0	6
我爱你	0	0	4	7	5	16
复杂	0	1	4	1	5	11
其实差	1	0	0	0	0	1
重点	1	2	4	2	3	12
推荐	5	2	7	4	11	29
现实的	0	0	5	6	8	19
不清晰	0	0	0	0	1	1
就是幸福	0	0	0	1	0	1
爱	4	4	15	46	86	155
好的电影	0	0	1	1	4	6
都老	0	0	1	0	0	1
哈哈哈哈哈哈	13	1	2	2	5	23
挺喜欢	2	0	2	1	1	6
不乏味	0	0	0	1	0	1
逗逼	1	0	1	2	3	7
加一星	1	3	5	2	0	11
传统	1	2	1	3	6	13
孤独	0	0	1	5	1	7
又丑	1	0	0	0	0	1
是《	2	0	3	0	1	6
剧情还	1	0	6	0	0	7
印象最深	0	1	2	1	3	7
轻松	0	1	2	3	1	7
观众	14	4	7	12	9	46
这也叫	4	1	0	0	0	5
很坏	0	0	0	1	0	1
苦苦	0	0	0	1	0	1
经典	4	0	11	40	54	109
帅气	1	1	3	2	3	10
从头	1	4	2	1	2	10
奇怪的	1	3	0	1	1	6
良心	0	0	1	2	2	5
不清	0	1	0	0	0	1
厚	1	1	1	1	0	4
不是很喜欢	0	0	7	1	0	8
社会的	0	0	2	4	2	8
面前	0	0	0	6	6	12
不聪明	1	0	0	0	0	1
能做	0	0	0	2	5	7
什么叫	3	1	1	1	1	7
豪华	0	1	1	0	0	2
太恶心了	3	1	1	0	0	5
尚雯婕	5	5	4	0	0	14
都头疼	1	0	0	0	0	1
了点	4	1	11	1	2	19
三颗星	0	0	9	0	1	10
山寨	8	4	6	1	0	19
屌丝	4	2	8	2	1	17
用了	1	2	1	3	2	9
陈欧	13	7	5	0	0	25
是恐怖片	2	4	4	2	0	12
再帅	0	0	1	1	0	2
挺美	1	0	1	1	0	3
人物	1	9	15	15	20	60
又不	0	3	2	1	0	6
BGM	0	0	2	2	2	6
了点什么	0	0	2	2	0	4
看鬼片	3	1	0	2	0	6
恐惧	0	0	6	1	4	11
小时的	1	3	1	2	0	7
诙谐	0	0	0	1	7	8
妙	0	0	0	0	2	2
不信	0	0	2	1	0	3
意味	0	0	2	2	2	6
真惊喜	1	0	0	0	0	1
聒噪	0	0	1	0	0	1
可是	2	4	5	12	14	37
好看的电影	0	0	0	1	5	6
这么差	5	2	0	1	0	8
帅哥美女	0	3	2	1	1	7
过去	4	1	1	4	4	14
本身	3	5	14	7	9	38
好帅	0	0	4	6	2	12
鬼的	2	2	3	0	0	7
隐喻	0	2	3	5	3	13
就知道是	2	0	2	0	1	5
没看懂	2	1	6	0	0	9
又帅	0	0	1	0	0	1
忠实	0	0	0	0	1	1
抠门	0	1	0	0	0	1
满	1	0	1	2	0	4
固执	0	0	0	0	1	1
愧疚	0	0	1	0	0	1
太长了	0	0	4	1	0	5
对此惊悚	0	1	0	0	0	1
==	24	7	17	3	5	56
神作	7	1	0	0	6	14
商业	1	3	7	5	3	19
葛优	0	0	3	7	11	21
虐	0	0	0	2	2	4
大概好	0	0	0	0	1	1
很像	1	0	3	2	1	7
给星	8	1	0	0	0	9
太恶心	0	0	1	0	0	1
很清晰	0	0	0	1	1	2
还以为是	1	2	3	0	1	7
男人	7	5	14	4	11	41
灵魂	1	0	1	3	1	6
淡	0	1	1	0	0	2
猥琐	2	1	1	0	0	4
不要	10	11	6	13	12	52
旧	0	1	2	1	0	4
挺一般	0	1	0	1	0	2
比较俗	0	0	1	0	0	1
报仇	0	0	8	0	0	8
最厉害	0	1	0	0	0	1
烂的电影	9	0	0	0	0	9
就不说	5	0	0	0	0	5
要是	4	1	1	5	4	15
可怜	0	1	5	6	6	18
必须	2	1	4	3	7	17
配角	0	3	2	4	2	11
接受	2	1	3	5	5	16
落后	0	1	0	0	0	1
的命运	1	0	2	1	7	11
到极致	2	1	1	0	2	6
真是混乱	0	0	0	1	0	1
狗血	8	8	12	4	2	34
成人	0	0	5	6	3	14
二	13	4	6	3	4	30
真丑	0	0	1	0	0	1
风靡	0	1	0	0	0	1
木有！	4	1	0	1	0	6
缓慢	0	1	5	2	1	9
说明爱的	0	1	1	5	4	11
福特	3	13	13	0	0	29
总	2	5	7	7	8	29
挺好看	0	1	9	10	1	21
一星的	6	3	0	0	0	9
？？？	12	8	5	1	3	29
依然	2	0	1	7	12	22
就是近	0	0	1	0	0	1
以及	5	2	8	6	8	29
让我	23	10	12	19	29	93
沙漠	0	0	3	9	7	19
枯燥	0	0	1	0	0	1
强迫	4	0	1	0	0	5
结局的	1	2	1	1	1	6
两颗星	1	4	0	0	0	5
悲伤	1	0	2	4	7	14
天啊	3	1	0	0	2	6
又差	0	3	0	0	0	3
质量	1	2	6	1	2	12
吧！	6	0	2	3	4	15
艰辛	1	0	1	1	0	3
就是一般	0	0	1	0	0	1
惊心	0	1	0	0	0	1
何洁	20	15	7	2	2	46
只要	3	1	1	5	8	18
能看	8	3	4	0	1	16
大师	0	1	3	2	6	12
买卖就	0	0	1	4	5	10
真是先进	0	0	0	0	1	1
女人	11	14	18	9	7	59
喜感	0	1	1	2	5	9
我不知道	5	2	1	2	1	11
太独特	0	0	0	1	0	1
刚开始	1	1	1	2	2	7
又轻巧	0	0	0	1	0	1
奕欢不错	1	0	0	0	0	1
的场景	2	0	1	6	6	15
给了	2	1	4	4	5	16
男主	8	9	28	15	10	70
很假	1	0	0	2	0	3
看了无数遍	0	0	0	1	3	4
少年	0	0	3	3	4	10
恐怖	31	22	33	12	5	103
最伤	0	0	0	1	0	1
太沉闷	0	0	1	0	0	1
也不好看	0	4	0	0	0	4
惨	0	2	2	5	2	11
无敌	6	1	1	1	3	12
不恐怖	3	13	7	1	0	24
保护	1	0	4	3	10	18
都有	0	3	1	8	10	22
奇葩	33	3	5	1	1	43
一直	10	7	9	20	27	73
又漂亮	0	0	0	1	0	1
再紧凑	0	0	0	1	0	1
把握	0	0	2	3	2	7
惊骇	0	0	0	0	1	1
导致	3	0	3	3	0	9
想到	6	0	6	4	7	23
快切	0	0	0	0	1	1
萧条	0	1	1	1	0	3
区别	0	1	0	4	1	6
婊子	4	0	1	2	0	7
还是挺搞笑	0	0	3	1	0	4
毫不	0	1	1	3	1	6
不喜欢	1	13	20	6	2	42
只会找	3	1	0	0	0	4
深的	2	0	2	3	1	8
还是在	2	0	1	1	2	6
不错的电影	0	0	1	1	3	5
垃圾中的	7	0	0	0	0	7
期待	2	4	5	7	0	18
共同	0	0	1	4	2	7
玩意儿	9	1	0	0	1	11
丢	1	1	2	1	2	7
奕欢挺漂亮	0	0	0	1	0	1
是部	3	2	3	1	1	10
了ñ遍	0	0	1	2	1	4
挺漂亮	1	0	0	0	0	1
跑龙套	0	1	1	2	2	6
激情	0	3	3	1	1	8
甜腻	0	1	0	0	0	1
都直接	0	0	0	1	0	1
星都不想	4	0	0	0	0	4
僵硬	1	0	0	0	0	1
好！	2	1	1	4	4	12
给一颗	0	0	0	0	0	0
所说	1	0	0	1	5	7
心疼	3	0	0	2	5	10
了太	0	0	1	3	0	4
相比	1	0	1	5	1	8
蛮好	0	1	2	0	0	3
太可爱	0	0	0	0	2	2
不漂亮	0	0	0	1	0	1
捕杀	0	0	0	2	8	10
的关系	1	0	4	1	0	6
垃圾片	6	1	1	0	0	8
第一次看	0	0	2	4	6	12
色彩	1	0	1	6	9	17
很温暖	0	0	0	0	1	1
一点都不	3	5	3	1	1	13
孩子	4	2	7	17	12	42
蛮帅	0	0	1	1	0	2
……不过	2	1	0	0	1	4
太慢了	0	1	5	0	0	6
比较大	0	0	1	0	0	1
感觉	14	28	64	47	40	193
坑爹啊	3	1	0	0	0	4
娇小	0	0	0	1	0	1
痛	0	0	1	0	3	4
太完美	0	0	0	1	0	1
就是个	5	1	1	2	1	10
一面	1	0	2	7	3	13
广告	24	13	6	3	2	48
不可能	1	0	0	1	5	7
典范	0	0	1	2	3	6
忍住	5	0	0	1	1	7
不疏远	0	0	0	1	0	1
不能再多	4	0	1	0	0	5
蛮好看	1	0	1	0	0	2
难受	1	1	1	3	2	8
也可以	3	0	1	1	4	9
却	10	2	20	48	22	102
还有点	0	2	3	1	0	6
景致	0	0	1	0	0	1
就是最爱	0	0	0	0	1	1
的战斗机	9	0	1	0	0	10
植入	2	1	0	2	1	6
的画面	1	1	7	6	2	17
暴力	0	2	7	18	20	47
引起	0	0	2	1	3	6
你让	1	0	0	3	2	6
吗！！	3	0	1	0	1	5
很有意思	0	1	4	8	2	15
看点	1	9	5	1	0	16
地球	0	2	1	2	3	8
一颗星给	1	3	6	0	0	10
愚蠢	0	2	0	0	1	3
还深爱	0	0	0	1	0	1
往晦涩	0	1	0	0	0	1
很朴实	0	0	0	0	1	1
骚	0	0	5	1	0	6
唯一的	4	2	1	0	1	8
看了好几遍	0	0	0	1	4	5
太赞	0	0	0	1	2	3
倒是	1	8	9	3	1	22
重要	1	0	2	9	12	24
不行	10	6	4	3	7	30
真的大	0	0	0	1	0	1
很合适	0	0	0	1	0	1
忍不住	7	1	1	1	5	15
给人	0	3	1	6	4	14
热爱	0	0	0	0	6	6
这么一个	2	0	0	3	1	6
挺意外	0	0	0	1	0	1
觉得还不错	0	1	0	2	1	4
好美	0	0	1	3	1	5
相套	0	0	0	0	1	1
所谓的	1	4	1	0	3	9
！~	3	0	2	0	3	8
屁	7	1	0	1	0	9
隽永	0	0	0	0	1	1
：／	0	0	0	0	0	0
垃圾	30	7	2	2	0	41
极其好	0	0	1	0	0	1
味道	0	3	8	3	8	22
黑白	0	0	0	2	5	7
动画电影	0	0	0	3	4	7
又残忍	0	0	0	0	1	1
演员的表演	1	0	0	3	1	5
本来是	4	2	1	0	0	7
最棒	0	0	0	1	5	6
说好	2	1	3	0	0	6
你说	4	0	2	0	3	9
极度郁闷	1	0	0	0	0	1
？？！	2	2	0	0	0	4
一遍	3	0	2	8	9	22
干净	0	0	1	3	1	5
擦	6	2	2	0	1	11
某些	1	1	5	2	5	14
刺激	1	2	2	2	1	8
很酷	0	0	0	0	3	3
教育片	5	1	1	1	0	8
逃离	0	0	1	4	1	6
真是悲哀	0	1	0	0	0	1
看到最后	0	1	1	2	5	9
烂到	37	6	0	0	1	44
也没	5	3	3	5	3	19
阿娇	5	15	22	6	0	48
遗憾	1	0	4	6	3	14
我以为	2	4	3	1	1	11
导演也	2	0	1	2	2	7
你妈	7	1	0	0	0	8
太一般	0	1	4	0	0	5
被杀	0	0	1	3	3	7
太有趣	0	0	1	0	0	1
厉	0	0	2	0	1	3
浅薄	1	0	0	0	0	1
狰狞	0	2	0	1	0	3
营造	0	2	2	0	2	6
的时代	0	1	1	1	8	11
但也	2	0	4	4	4	14
不说	3	4	0	1	4	12
抓	1	0	5	2	0	8
很妙	0	0	0	0	1	1
粗	2	1	0	0	1	4
编	5	0	0	1	1	7
就不要	1	3	3	0	2	9
片名	2	3	4	2	1	12
相对弱	0	0	0	0	1	1
都还不错	2	0	1	1	0	4
太平淡	0	0	1	0	0	1
黏	0	0	2	0	0	2
特色	2	0	3	1	3	9
人生的	0	0	2	1	3	6
非常正确	1	0	0	0	0	1
还是很喜欢	0	0	1	1	2	4
喜剧	13	3	23	36	63	138
长得	5	3	15	3	5	31
吧！！	3	1	1	0	0	5
出奇	2	2	1	0	0	5
真是傻	1	0	0	0	0	1
那样的	0	0	0	4	2	6
动作喜剧	0	0	3	4	0	7
死了	6	2	8	7	10	33
一点也	0	3	0	0	0	3
都充满	0	0	0	1	0	1
的表情	0	4	0	0	2	6
可以的	0	2	4	0	1	7
很强大	0	0	2	1	0	3
动容	0	0	0	3	4	7
根本	6	1	5	0	5	17
化妆	2	2	5	1	1	11
呆弱	0	1	0	0	0	1
没有最烂只有	6	0	0	0	0	6
衰老	0	0	0	0	1	1
屠杀	0	0	0	5	11	16
莫名	0	1	1	2	3	7
比较深	0	0	1	0	0	1
好不好	3	1	2	1	2	9
中途	4	1	0	1	0	6
是亮点	0	5	2	1	1	9
-||	0	2	2	0	0	4
电影也	1	1	0	2	2	6
和感	2	0	0	0	0	2
冒险	0	0	4	2	1	7
不平凡	0	0	0	1	0	1
政府	0	0	0	3	5	8
应该是	3	0	4	15	8	30
的城市	0	0	1	4	5	10
会被	1	0	2	0	3	6
幼稚	3	2	7	6	0	18
也很棒	0	0	0	1	2	3
都还	0	0	2	1	1	4
看得我	1	1	8	3	3	16
是看过	2	0	0	2	2	6
尊重	0	1	1	0	5	7
还长	0	0	1	0	0	1
我自己	2	0	1	3	2	8
有趣	1	1	4	18	21	45
真人版	0	0	4	1	3	8
！	823	202	198	271	665	2159
比较先进	0	0	0	1	0	1
这种片子	3	2	1	0	0	6
最清楚	0	0	0	1	0	1
不止	0	0	1	3	3	7
最温柔	0	0	1	0	0	1
清奇	0	0	0	0	1	1
炫迈	0	0	0	0	1	1
不苛刻	0	0	1	0	0	1
太乱	0	1	1	0	0	2
略长	0	0	1	0	0	1
再拖沓	1	0	0	0	0	1
还真	3	2	2	0	0	7
明显	5	0	5	3	4	17
悬疑	1	9	6	0	1	17
这个导演	8	0	1	2	4	15
看出	5	3	3	2	1	14
嘛	7	7	13	5	4	36
挺喜欢的	0	0	2	3	2	7
寂寞	3	1	0	0	0	4
的结局	2	1	5	10	11	29
就是温暖	0	1	0	0	0	1
强硬	1	0	0	1	0	2
还在	2	0	1	5	3	11
但是我	2	1	3	3	6	15
吓到我了	1	1	2	0	0	4
很爽	1	0	0	0	1	2
太强烈	0	0	3	0	0	3
形式	2	1	3	2	4	12
文艺	1	2	8	7	2	20
很爱	0	0	0	3	2	5
拍得	2	2	11	3	4	22
很精巧	0	0	0	0	1	1
的伪装	0	0	0	1	9	10
竟然看完了	6	1	0	1	0	8
到处	2	1	1	2	1	7
拍摄手法	1	0	2	5	1	9
比较有趣	1	1	0	0	0	2
很重要	1	0	0	1	1	3
明白了	2	0	1	1	2	6
又顺便	0	0	0	1	0	1
3星	0	1	5	1	0	7
相当强	0	0	1	0	0	1
都一般	0	1	2	0	0	3
虚假	0	0	0	0	1	1
也绚	0	0	0	1	0	1
真是难	1	0	0	0	0	1
结尾的	1	1	5	4	2	13
没有一个	1	1	1	1	3	7
最混乱	0	0	0	0	1	1
暗黑	0	0	4	5	4	13
高	4	4	20	12	7	47
何洁和释小龙	3	2	1	0	0	6
真是麻烦	0	0	0	1	0	1
确实是	3	2	2	3	3	13
特别恐怖	2	0	0	0	0	2
教育	2	1	1	3	1	8
我们一起	1	0	1	1	3	6
的节奏	1	3	8	3	6	21
现在看	0	1	3	4	3	11
不说了	6	0	1	0	1	8
的智商	3	2	2	0	0	7
好糙	0	0	1	0	0	1
演绎	0	0	2	0	6	8
年代	0	1	7	14	14	36
这导演	5	2	1	1	0	9
还是有的	0	0	4	0	0	4
越惨	0	1	0	0	0	1
也不美	0	1	0	0	0	1
太清	0	0	0	1	0	1
不完全	0	0	0	1	0	1
很鲜明	0	0	1	0	0	1
还没	2	1	4	1	1	9
宏大	0	0	1	0	1	2
很惊艳	0	1	0	0	0	1
更血腥	0	0	1	0	0	1
的石头	3	3	0	0	0	6
更残忍	0	0	0	0	1	1
想看	3	1	4	3	0	11
实在不	3	1	2	0	0	6
我们看	1	2	1	1	1	6
真是漂亮	0	1	0	0	0	1
能拍出	1	0	0	2	3	6
承认	2	2	0	3	2	9
一生	1	0	3	9	7	20
熟	1	2	2	0	1	6
真的很棒	0	0	0	1	3	4
太远	1	2	0	0	0	3
就是伟大	0	0	0	0	1	1
我看到	1	0	0	1	4	6
╰）╭	1	4	1	2	0	8
是为了看	0	0	4	0	0	4
太残暴	0	0	0	0	2	2
眼熟	0	1	3	0	1	5
！剧情	3	0	3	0	1	7
怪	2	1	5	2	2	12
很喜欢	1	1	15	20	13	50
那些人	0	0	2	1	3	6
乐观	0	0	0	2	3	5
就可以了	1	0	1	2	0	4
一部好	0	0	2	1	3	6
再巧妙	0	0	0	1	0	1
观众的	3	0	1	1	3	8
很冷	0	0	0	0	1	1
更惨	0	0	0	2	0	2
一边乐	1	0	0	0	0	1
不能更	3	0	1	0	2	6
巅峰之作	0	0	0	2	5	7
太过	1	2	6	8	0	17
哪有	0	0	2	2	2	6
下次	3	2	0	0	1	6
上最高明	0	0	0	0	7	7
的拍摄	0	0	1	3	2	6
个人	2	3	11	9	15	40
不是我	1	0	1	1	0	3
很细微	0	0	1	0	0	1
热烈	0	0	0	1	1	2
更加深	0	0	0	0	1	1
不能再烂	5	0	0	0	0	5
的两个	1	1	2	6	0	10
方便	0	0	0	2	0	2
绝不	2	2	5	0	0	9
………	8	1	10	5	16	40
所有人都	2	1	1	0	3	7
蛮不错	0	0	3	0	0	3
非常惊讶	0	0	0	0	1	1
如此	8	5	12	23	28	76
精进	0	0	0	1	0	1
老大	0	0	1	0	1	2
紧凑	0	0	1	8	4	13
快	11	5	4	7	7	34
真善良	1	0	0	0	0	1
为啥	3	0	2	3	1	9
所以多	0	0	0	3	4	7
两星	3	12	5	1	0	21
传说中的	2	2	0	0	1	5
很沉闷	0	0	1	0	0	1
又充满	1	0	0	1	0	2
混	3	2	0	1	3	9
造型	2	4	10	5	1	22
巨烂	4	1	0	0	0	5
电影看	0	1	2	2	1	6
诚意	1	0	1	1	0	3
这不是	4	2	1	0	1	8
缓慢拖沓	0	1	0	0	0	1
怪诞	0	0	0	1	1	2
童年的	0	0	2	2	6	10
毁了	0	2	2	3	1	8
但这	0	1	2	1	2	6
又黑	0	0	0	1	0	1
积极	0	1	0	0	3	4
更厉害	1	0	0	0	0	1
---	3	1	1	0	5	10
非常欢乐	1	0	1	0	0	2
电影啊	6	2	1	0	2	11
最深的	0	0	2	1	3	6
挺烂	1	2	1	0	0	4
老套	1	9	12	10	0	32
而不是	2	2	1	3	3	11
都挺好	0	0	0	1	0	1
的太快	0	3	1	0	0	4
能拍成这样	1	0	0	0	3	4
不无聊	0	0	2	1	0	3
就像	1	2	9	5	9	26
和现实	0	0	1	2	3	6
挺无聊	0	1	1	0	0	2
想象中	0	1	4	2	1	8
我只是	1	1	3	2	0	7
／／／	0	0	3	0	3	6
莫名其妙	7	5	2	2	1	17
就是炫酷	0	0	0	0	1	1
真贱	1	0	0	0	0	1
太低	0	0	1	0	1	2
睿智	0	0	0	1	3	4
居然	24	7	8	14	10	63
感触	0	0	3	1	2	6
准确	0	0	0	1	0	1
凄美	0	0	0	2	1	3
笑到	4	0	1	0	4	9
和演员	0	2	0	3	1	6
太好看了	0	0	0	1	5	6
脆弱	0	0	0	1	0	1
垃圾垃圾	69	0	0	0	0	69
又	21	15	44	31	54	165
的确嫩	0	0	1	0	0	1
莫小棋	3	4	3	3	1	14
这样的片子	2	1	1	1	1	6
最快乐	0	0	0	0	1	1
不知道为什么	4	3	2	3	2	14
故事还	0	2	2	3	0	7
怎么都	2	0	0	2	2	6
奇幻	0	1	2	8	4	15
哈哈哈哈哈哈哈哈哈哈	5	0	1	0	1	7
好莱坞	0	2	6	2	10	20
这片子的	3	2	0	0	0	5
喜欢的动画片	0	0	0	0	4	4
只想说	0	3	2	1	1	7
正	0	0	1	2	2	5
阵容	1	1	4	2	1	9
黑暗	2	0	5	7	5	19
瘠薄	1	0	0	0	0	1
很一般	0	5	11	1	0	17
命	0	0	0	4	3	7
荒废	0	1	0	0	0	1
贫民窟	0	0	2	14	20	36
很好笑	1	0	1	0	4	6
女孩	0	0	8	4	2	14
很有趣	0	0	0	8	6	14
的电影我	2	0	2	0	0	4
神经病	3	2	3	1	0	9
赶脚	2	0	2	2	0	6
真正的	1	3	1	1	7	13
